#DATA: Variable:/CELL/MEMBRANE:Vm:Value
#SIZE: 5 800
#LABEL: t	value	avg	min	max
#NOTE: 
#
#----------------------
0.000000000000000e+00	-8.672869110107422e+01	-8.672766876220703e+01	-8.672869110107422e+01	-8.672757720947266e+01	
1.000000000000000e+00	-8.672770690917969e+01	-8.672775268554688e+01	-8.672779083251953e+01	-8.672770690917969e+01	
2.000000000000000e+00	-8.672779083251953e+01	-8.672782897949219e+01	-8.672786712646484e+01	-8.672779083251953e+01	
3.009999990463257e+00	-8.672786712646484e+01	-8.672789764404297e+01	-8.672793579101562e+01	-8.672786712646484e+01	
4.010000228881836e+00	-8.672793579101562e+01	-8.672795867919922e+01	-8.672798919677734e+01	-8.672793579101562e+01	
5.010000228881836e+00	-8.672798919677734e+01	-8.672801971435547e+01	-8.672804260253906e+01	-8.672798919677734e+01	
6.010000228881836e+00	-8.672804260253906e+01	-8.672807312011719e+01	-8.672809600830078e+01	-8.672804260253906e+01	
7.010000228881836e+00	-8.672809600830078e+01	-8.672811889648438e+01	-8.672814178466797e+01	-8.672809600830078e+01	
8.010000228881836e+00	-8.672814178466797e+01	-8.672816467285156e+01	-8.672818756103516e+01	-8.672814178466797e+01	
9.010000228881836e+00	-8.672818756103516e+01	-8.672821044921875e+01	-8.672822570800781e+01	-8.672818756103516e+01	
1.001000022888184e+01	-8.672822570800781e+01	-8.672824859619141e+01	-8.672826385498047e+01	-8.672822570800781e+01	
1.101000022888184e+01	-8.672826385498047e+01	-8.672828674316406e+01	-8.672830200195312e+01	-8.672826385498047e+01	
1.201000022888184e+01	-8.672830200195312e+01	-8.672832489013672e+01	-8.672834014892578e+01	-8.672830200195312e+01	
1.301000022888184e+01	-8.672834014892578e+01	-8.672835540771484e+01	-8.672837066650391e+01	-8.672834014892578e+01	
1.401000022888184e+01	-8.672837066650391e+01	-8.672838592529297e+01	-8.672840118408203e+01	-8.672837066650391e+01	
1.501000022888184e+01	-8.672840118408203e+01	-8.672840881347656e+01	-8.672842407226562e+01	-8.672840118408203e+01	
1.601000022888184e+01	-8.672842407226562e+01	-8.672843933105469e+01	-8.672844696044922e+01	-8.672842407226562e+01	
1.701000022888184e+01	-8.672844696044922e+01	-8.672846221923828e+01	-8.672846984863281e+01	-8.672844696044922e+01	
1.800000000000000e+01	-8.672846984863281e+01	-8.672848510742188e+01	-8.672849273681641e+01	-8.672846984863281e+01	
1.900000000000000e+01	-8.672849273681641e+01	-8.672850036621094e+01	-8.672850799560547e+01	-8.672849273681641e+01	
2.000000000000000e+01	-8.672850799560547e+01	-8.672851562500000e+01	-8.672852325439453e+01	-8.672850799560547e+01	
2.100000000000000e+01	-8.672852325439453e+01	-8.672853088378906e+01	-8.672853851318359e+01	-8.672852325439453e+01	
2.200000000000000e+01	-8.672853851318359e+01	-8.672854614257812e+01	-8.672855377197266e+01	-8.672853851318359e+01	
2.300000000000000e+01	-8.672855377197266e+01	-8.672855377197266e+01	-8.672856140136719e+01	-8.672855377197266e+01	
2.400000000000000e+01	-8.672856140136719e+01	-8.672856140136719e+01	-8.672856903076172e+01	-8.672856140136719e+01	
2.500000000000000e+01	-8.672856903076172e+01	-8.672856903076172e+01	-8.672856903076172e+01	-8.672856903076172e+01	
2.600000000000000e+01	-8.672856903076172e+01	-8.672857666015625e+01	-8.672857666015625e+01	-8.672856903076172e+01	
2.700000000000000e+01	-8.672857666015625e+01	-8.672857666015625e+01	-8.672857666015625e+01	-8.672857666015625e+01	
2.800000000000000e+01	-8.672857666015625e+01	-8.672857666015625e+01	-8.672857666015625e+01	-8.672857666015625e+01	
2.900000000000000e+01	-8.672857666015625e+01	-8.672857666015625e+01	-8.672857666015625e+01	-8.672857666015625e+01	
3.000000000000000e+01	-8.672857666015625e+01	-8.672856903076172e+01	-8.672857666015625e+01	-8.672856903076172e+01	
3.100000000000000e+01	-8.672856903076172e+01	-8.672856903076172e+01	-8.672856903076172e+01	-8.672856140136719e+01	
3.200000000000000e+01	-8.672856140136719e+01	-8.672856140136719e+01	-8.672856140136719e+01	-8.672855377197266e+01	
3.300000000000000e+01	-8.672855377197266e+01	-8.672855377197266e+01	-8.672855377197266e+01	-8.672854614257812e+01	
3.400000000000000e+01	-8.672854614257812e+01	-8.672853851318359e+01	-8.672854614257812e+01	-8.672853088378906e+01	
3.500000000000000e+01	-8.672853088378906e+01	-8.672852325439453e+01	-8.672853088378906e+01	-8.672852325439453e+01	
3.600000000000000e+01	-8.672852325439453e+01	-8.672851562500000e+01	-8.672852325439453e+01	-8.672850799560547e+01	
3.700000000000000e+01	-8.672850799560547e+01	-8.672849273681641e+01	-8.672850799560547e+01	-8.672848510742188e+01	
3.800000000000000e+01	-8.672848510742188e+01	-8.672847747802734e+01	-8.672848510742188e+01	-8.672846984863281e+01	
3.900000000000000e+01	-8.672846984863281e+01	-8.672846221923828e+01	-8.672846984863281e+01	-8.672844696044922e+01	
4.000000000000000e+01	-8.672844696044922e+01	-8.672843933105469e+01	-8.672844696044922e+01	-8.672842407226562e+01	
4.100000000000000e+01	-8.672842407226562e+01	-8.672841644287109e+01	-8.672842407226562e+01	-8.672840118408203e+01	
4.200000000000000e+01	-8.672840118408203e+01	-8.672839355468750e+01	-8.672840118408203e+01	-8.672837829589844e+01	
4.300000000000000e+01	-8.672837829589844e+01	-8.672836303710938e+01	-8.672837829589844e+01	-8.672835540771484e+01	
4.400999832153320e+01	-8.672835540771484e+01	-8.672834014892578e+01	-8.672835540771484e+01	-8.672832489013672e+01	
4.500999832153320e+01	-8.672832489013672e+01	-8.672830963134766e+01	-8.672832489013672e+01	-8.672829437255859e+01	
4.600999832153320e+01	-8.672829437255859e+01	-8.672827911376953e+01	-8.672829437255859e+01	-8.672826385498047e+01	
4.700999832153320e+01	-8.672826385498047e+01	-8.672824859619141e+01	-8.672826385498047e+01	-8.672823333740234e+01	
4.800999832153320e+01	-8.672823333740234e+01	-8.672821807861328e+01	-8.672823333740234e+01	-8.672820281982422e+01	
4.900999832153320e+01	-8.672820281982422e+01	-8.672817993164062e+01	-8.672820281982422e+01	-8.672816467285156e+01	
5.000999832153320e+01	-8.672816467285156e+01	-6.997734832763672e+01	-8.672816467285156e+01	-5.266321945190430e+01	
5.100999832153320e+01	-5.266321945190430e+01	-1.981440353393555e+01	-5.266321945190430e+01	4.454489898681641e+01	
5.200999832153320e+01	4.454489898681641e+01	5.079999923706055e+01	4.454489898681641e+01	5.159687805175781e+01	
5.300999832153320e+01	5.159687805175781e+01	5.159021759033203e+01	5.157956314086914e+01	5.159763717651367e+01	
5.400999832153320e+01	5.157956314086914e+01	5.157394027709961e+01	5.157064819335938e+01	5.157956314086914e+01	
5.500999832153320e+01	5.157064819335938e+01	5.156563949584961e+01	5.155552673339844e+01	5.157064819335938e+01	
5.600999832153320e+01	5.155552673339844e+01	5.152830505371094e+01	5.148852539062500e+01	5.155552673339844e+01	
5.700999832153320e+01	5.148852539062500e+01	5.142246627807617e+01	5.134042358398438e+01	5.148852539062500e+01	
5.800999832153320e+01	5.134042358398438e+01	5.123219680786133e+01	5.110879135131836e+01	5.134042358398438e+01	
5.900999832153320e+01	5.110879135131836e+01	5.096619415283203e+01	5.081195449829102e+01	5.110879135131836e+01	
6.000999832153320e+01	5.081195449829102e+01	5.064829254150391e+01	5.047731781005859e+01	5.081195449829102e+01	
6.100999832153320e+01	5.047731781005859e+01	5.030593872070312e+01	5.013100051879883e+01	5.047731781005859e+01	
6.200999832153320e+01	5.013100051879883e+01	4.996211242675781e+01	4.979228591918945e+01	5.013100051879883e+01	
6.300999832153320e+01	4.979228591918945e+01	4.963216400146484e+01	4.947259140014648e+01	4.979228591918945e+01	
6.401000213623047e+01	4.947259140014648e+01	4.932415008544922e+01	4.917690277099609e+01	4.947259140014648e+01	
6.501000213623047e+01	4.917690277099609e+01	4.904072952270508e+01	4.890584945678711e+01	4.917690277099609e+01	
6.601000213623047e+01	4.890584945678711e+01	4.878117752075195e+01	4.865758895874023e+01	4.890584945678711e+01	
6.701000213623047e+01	4.865758895874023e+01	4.854298400878906e+01	4.842911911010742e+01	4.865758895874023e+01	
6.801000213623047e+01	4.842911911010742e+01	4.832294845581055e+01	4.821713256835938e+01	4.842911911010742e+01	
6.901000213623047e+01	4.821713256835938e+01	4.811780548095703e+01	4.801846313476562e+01	4.821713256835938e+01	
7.001000213623047e+01	4.801846313476562e+01	4.792456054687500e+01	4.783031463623047e+01	4.801846313476562e+01	
7.101000213623047e+01	4.783031463623047e+01	4.774062347412109e+01	4.765031433105469e+01	4.783031463623047e+01	
7.201000213623047e+01	4.765031433105469e+01	4.756470489501953e+01	4.747823333740234e+01	4.765031433105469e+01	
7.300000000000000e+01	4.747823333740234e+01	4.739415359497070e+01	4.730904388427734e+01	4.747823333740234e+01	
7.400000000000000e+01	4.730904388427734e+01	4.722674179077148e+01	4.714326095581055e+01	4.730904388427734e+01	
7.500000000000000e+01	4.714326095581055e+01	4.706223678588867e+01	4.697991561889648e+01	4.714326095581055e+01	
7.600000000000000e+01	4.697991561889648e+01	4.689976882934570e+01	4.681822967529297e+01	4.697991561889648e+01	
7.700000000000000e+01	4.681822967529297e+01	4.673865509033203e+01	4.665760803222656e+01	4.681822967529297e+01	
7.800000000000000e+01	4.665760803222656e+01	4.657835769653320e+01	4.649757003784180e+01	4.665760803222656e+01	
7.900000000000000e+01	4.649757003784180e+01	4.641845321655273e+01	4.633774566650391e+01	4.649757003784180e+01	
8.000000000000000e+01	4.633774566650391e+01	4.625860595703125e+01	4.617783355712891e+01	4.633774566650391e+01	
8.100000000000000e+01	4.617783355712891e+01	4.609854888916016e+01	4.601758956909180e+01	4.617783355712891e+01	
8.200000000000000e+01	4.601758956909180e+01	4.593805694580078e+01	4.585681152343750e+01	4.601758956909180e+01	
8.300000000000000e+01	4.585681152343750e+01	4.577694320678711e+01	4.569532775878906e+01	4.585681152343750e+01	
8.400000000000000e+01	4.569532775878906e+01	4.561504745483398e+01	4.553298950195312e+01	4.569532775878906e+01	
8.500000000000000e+01	4.553298950195312e+01	4.545223236083984e+01	4.536965942382812e+01	4.553298950195312e+01	
8.600000000000000e+01	4.536965942382812e+01	4.528835296630859e+01	4.520520401000977e+01	4.536965942382812e+01	
8.700000000000000e+01	4.520520401000977e+01	4.512329101562500e+01	4.503950119018555e+01	4.520520401000977e+01	
8.800000000000000e+01	4.503950119018555e+01	4.495691680908203e+01	4.487241744995117e+01	4.503950119018555e+01	
8.900000000000000e+01	4.487241744995117e+01	4.478910064697266e+01	4.470383453369141e+01	4.487241744995117e+01	
9.000000000000000e+01	4.470383453369141e+01	4.461971664428711e+01	4.453361129760742e+01	4.470383453369141e+01	
9.100000000000000e+01	4.453361129760742e+01	4.444862747192383e+01	4.436162185668945e+01	4.453361129760742e+01	
9.200000000000000e+01	4.436162185668945e+01	4.427570724487305e+01	4.418772125244141e+01	4.436162185668945e+01	
9.300000000000000e+01	4.418772125244141e+01	4.410080718994141e+01	4.401177978515625e+01	4.418772125244141e+01	
9.400000000000000e+01	4.401177978515625e+01	4.392379760742188e+01	4.383365631103516e+01	4.401177978515625e+01	
9.500000000000000e+01	4.383365631103516e+01	4.374453353881836e+01	4.365320587158203e+01	4.383365631103516e+01	
9.600000000000000e+01	4.365320587158203e+01	4.356287384033203e+01	4.347029495239258e+01	4.365320587158203e+01	
9.700000000000000e+01	4.347029495239258e+01	4.337868881225586e+01	4.328478240966797e+01	4.347029495239258e+01	
9.800000000000000e+01	4.328478240966797e+01	4.319183349609375e+01	4.309653472900391e+01	4.328478240966797e+01	
9.900000000000000e+01	4.309653472900391e+01	4.300218200683594e+01	4.290542984008789e+01	4.309653472900391e+01	
1.000000000000000e+02	4.290542984008789e+01	4.280960464477539e+01	4.271133422851562e+01	4.290542984008789e+01	
1.010000000000000e+02	4.271133422851562e+01	4.261398696899414e+01	4.251414108276367e+01	4.271133422851562e+01	
1.020000000000000e+02	4.251414108276367e+01	4.241521072387695e+01	4.231373214721680e+01	4.251414108276367e+01	
1.030000000000000e+02	4.231373214721680e+01	4.221316909790039e+01	4.211001205444336e+01	4.231373214721680e+01	
1.040000000000000e+02	4.211001205444336e+01	4.200777053833008e+01	4.190288543701172e+01	4.211001205444336e+01	
1.050000000000000e+02	4.190288543701172e+01	4.179893112182617e+01	4.169227981567383e+01	4.190288543701172e+01	
1.060000000000000e+02	4.169227981567383e+01	4.158656692504883e+01	4.147811889648438e+01	4.169227981567383e+01	
1.070000000000000e+02	4.147811889648438e+01	4.137062454223633e+01	4.126034545898438e+01	4.147811889648438e+01	
1.080000000000000e+02	4.126034545898438e+01	4.115104293823242e+01	4.103891372680664e+01	4.126034545898438e+01	
1.090000000000000e+02	4.103891372680664e+01	4.092778396606445e+01	4.081378555297852e+01	4.103891372680664e+01	
1.100000000000000e+02	4.081378555297852e+01	4.070082092285156e+01	4.058494567871094e+01	4.081378555297852e+01	
1.110000000000000e+02	4.058494567871094e+01	4.047013473510742e+01	4.035237884521484e+01	4.058494567871094e+01	
1.120000000000000e+02	4.035237884521484e+01	4.023572158813477e+01	4.011608505249023e+01	4.035237884521484e+01	
1.130000000000000e+02	4.011608505249023e+01	3.999758911132812e+01	3.987607955932617e+01	4.011608505249023e+01	
1.140000000000000e+02	3.987607955932617e+01	3.975575637817383e+01	3.963238143920898e+01	3.987607955932617e+01	
1.150000000000000e+02	3.963238143920898e+01	3.951024627685547e+01	3.938502883911133e+01	3.963238143920898e+01	
1.160000000000000e+02	3.938502883911133e+01	3.926109695434570e+01	3.913405990600586e+01	3.938502883911133e+01	
1.170000000000000e+02	3.913405990600586e+01	3.900836181640625e+01	3.887952804565430e+01	3.913405990600586e+01	
1.180000000000000e+02	3.887952804565430e+01	3.875209045410156e+01	3.862149429321289e+01	3.887952804565430e+01	
1.190000000000000e+02	3.862149429321289e+01	3.849234771728516e+01	3.836002349853516e+01	3.862149429321289e+01	
1.200000000000000e+02	3.836002349853516e+01	3.822920608520508e+01	3.809518432617188e+01	3.836002349853516e+01	
1.210000000000000e+02	3.809518432617188e+01	3.796273422241211e+01	3.782706451416016e+01	3.809518432617188e+01	
1.220000000000000e+02	3.782706451416016e+01	3.769301986694336e+01	3.755573654174805e+01	3.782706451416016e+01	
1.230000000000000e+02	3.755573654174805e+01	3.742014312744141e+01	3.728129196166992e+01	3.755573654174805e+01	
1.240000000000000e+02	3.728129196166992e+01	3.714419174194336e+01	3.700382232666016e+01	3.728129196166992e+01	
1.250000000000000e+02	3.700382232666016e+01	3.686525726318359e+01	3.672341156005859e+01	3.700382232666016e+01	
1.260000000000000e+02	3.672341156005859e+01	3.658343124389648e+01	3.644015502929688e+01	3.672341156005859e+01	
1.270000000000000e+02	3.644015502929688e+01	3.629880905151367e+01	3.615414810180664e+01	3.644015502929688e+01	
1.280000000000000e+02	3.615414810180664e+01	3.601147842407227e+01	3.586548233032227e+01	3.615414810180664e+01	
1.290000000000000e+02	3.586548233032227e+01	3.572153091430664e+01	3.557424545288086e+01	3.586548233032227e+01	
1.300000000000000e+02	3.557424545288086e+01	3.542906188964844e+01	3.528053665161133e+01	3.557424545288086e+01	
1.310000000000000e+02	3.528053665161133e+01	3.513415908813477e+01	3.498443222045898e+01	3.528053665161133e+01	
1.320000000000000e+02	3.498443222045898e+01	3.483691024780273e+01	3.468602752685547e+01	3.498443222045898e+01	
1.330000000000000e+02	3.468602752685547e+01	3.453740310668945e+01	3.438540649414062e+01	3.468602752685547e+01	
1.340000000000000e+02	3.438540649414062e+01	3.423571395874023e+01	3.408264541625977e+01	3.438540649414062e+01	
1.350000000000000e+02	3.408264541625977e+01	3.393192672729492e+01	3.377782440185547e+01	3.408264541625977e+01	
1.360000000000000e+02	3.377782440185547e+01	3.362611770629883e+01	3.347101593017578e+01	3.377782440185547e+01	
1.370000000000000e+02	3.347101593017578e+01	3.331835174560547e+01	3.316229248046875e+01	3.347101593017578e+01	
1.380000000000000e+02	3.316229248046875e+01	3.300870895385742e+01	3.285171508789062e+01	3.316229248046875e+01	
1.390000000000000e+02	3.285171508789062e+01	3.269724273681641e+01	3.253935623168945e+01	3.285171508789062e+01	
1.400000000000000e+02	3.253935623168945e+01	3.238402175903320e+01	3.222526550292969e+01	3.253935623168945e+01	
1.410000000000000e+02	3.222526550292969e+01	3.206909942626953e+01	3.190950012207031e+01	3.222526550292969e+01	
1.420000000000000e+02	3.190950012207031e+01	3.175252723693848e+01	3.159211349487305e+01	3.190950012207031e+01	
1.430000000000000e+02	3.159211349487305e+01	3.143435478210449e+01	3.127314949035645e+01	3.159211349487305e+01	
1.440000000000000e+02	3.127314949035645e+01	3.111462974548340e+01	3.095265197753906e+01	3.127314949035645e+01	
1.450000000000000e+02	3.095265197753906e+01	3.079338836669922e+01	3.063065910339355e+01	3.095265197753906e+01	
1.460000000000000e+02	3.063065910339355e+01	3.047067070007324e+01	3.030720520019531e+01	3.063065910339355e+01	
1.470000000000000e+02	3.030720520019531e+01	3.014650726318359e+01	2.998232460021973e+01	3.030720520019531e+01	
1.480000000000000e+02	2.998232460021973e+01	2.982093048095703e+01	2.965604209899902e+01	2.998232460021973e+01	
1.490000000000000e+02	2.965604209899902e+01	2.949396514892578e+01	2.932838439941406e+01	2.965604209899902e+01	
1.500000000000000e+02	2.932838439941406e+01	2.916563415527344e+01	2.899936866760254e+01	2.932838439941406e+01	
1.510000000000000e+02	2.899936866760254e+01	2.883595657348633e+01	2.866901779174805e+01	2.899936866760254e+01	
1.520000000000000e+02	2.866901779174805e+01	2.850494766235352e+01	2.833734130859375e+01	2.866901779174805e+01	
1.530000000000000e+02	2.833734130859375e+01	2.817262077331543e+01	2.800435256958008e+01	2.833734130859375e+01	
1.540000000000000e+02	2.800435256958008e+01	2.783898544311523e+01	2.767005920410156e+01	2.800435256958008e+01	
1.550000000000000e+02	2.767005920410156e+01	2.750405120849609e+01	2.733446884155273e+01	2.767005920410156e+01	
1.560000000000000e+02	2.733446884155273e+01	2.716781997680664e+01	2.699758529663086e+01	2.733446884155273e+01	
1.570000000000000e+02	2.699758529663086e+01	2.683029365539551e+01	2.665940475463867e+01	2.699758529663086e+01	
1.580000000000000e+02	2.665940475463867e+01	2.649147224426270e+01	2.631992912292480e+01	2.665940475463867e+01	
1.590000000000000e+02	2.631992912292480e+01	2.614964866638184e+01	2.597574043273926e+01	2.631992912292480e+01	
1.600099945068359e+02	2.597574043273926e+01	2.580651283264160e+01	2.563364601135254e+01	2.597574043273926e+01	
1.610099945068359e+02	2.563364601135254e+01	2.546376800537109e+01	2.529023742675781e+01	2.563364601135254e+01	
1.620099945068359e+02	2.529023742675781e+01	2.511970710754395e+01	2.494550514221191e+01	2.529023742675781e+01	
1.630099945068359e+02	2.494550514221191e+01	2.477431297302246e+01	2.459943771362305e+01	2.494550514221191e+01	
1.640099945068359e+02	2.459943771362305e+01	2.442757987976074e+01	2.425201988220215e+01	2.459943771362305e+01	
1.650099945068359e+02	2.425201988220215e+01	2.407948684692383e+01	2.390323829650879e+01	2.425201988220215e+01	
1.660099945068359e+02	2.390323829650879e+01	2.373002243041992e+01	2.355307388305664e+01	2.390323829650879e+01	
1.670099945068359e+02	2.355307388305664e+01	2.337916755676270e+01	2.320150947570801e+01	2.355307388305664e+01	
1.680099945068359e+02	2.320150947570801e+01	2.302690124511719e+01	2.284852409362793e+01	2.320150947570801e+01	
1.690099945068359e+02	2.284852409362793e+01	2.267320442199707e+01	2.249409866333008e+01	2.284852409362793e+01	
1.700099945068359e+02	2.249409866333008e+01	2.231805419921875e+01	2.213820648193359e+01	2.249409866333008e+01	
1.710099945068359e+02	2.213820648193359e+01	2.196142768859863e+01	2.178082466125488e+01	2.213820648193359e+01	
1.720099945068359e+02	2.178082466125488e+01	2.160330009460449e+01	2.142193031311035e+01	2.178082466125488e+01	
1.730099945068359e+02	2.142193031311035e+01	2.124364280700684e+01	2.106149101257324e+01	2.142193031311035e+01	
1.740099945068359e+02	2.106149101257324e+01	2.088242912292480e+01	2.069948387145996e+01	2.106149101257324e+01	
1.750099945068359e+02	2.069948387145996e+01	2.051963233947754e+01	2.033587455749512e+01	2.069948387145996e+01	
1.760099945068359e+02	2.033587455749512e+01	2.015521812438965e+01	1.997063446044922e+01	2.033587455749512e+01	
1.770099945068359e+02	1.997063446044922e+01	1.978915786743164e+01	1.960373115539551e+01	1.997063446044922e+01	
1.780099945068359e+02	1.960373115539551e+01	1.942141532897949e+01	1.923512840270996e+01	1.960373115539551e+01	
1.790099945068359e+02	1.923512840270996e+01	1.905195999145508e+01	1.886479377746582e+01	1.923512840270996e+01	
1.800099945068359e+02	1.886479377746582e+01	1.868075180053711e+01	1.849269104003906e+01	1.886479377746582e+01	
1.810099945068359e+02	1.849269104003906e+01	1.830775642395020e+01	1.811878013610840e+01	1.849269104003906e+01	
1.820099945068359e+02	1.811878013610840e+01	1.793293380737305e+01	1.774302101135254e+01	1.811878013610840e+01	
1.830099945068359e+02	1.774302101135254e+01	1.755624580383301e+01	1.736537551879883e+01	1.774302101135254e+01	
1.840099945068359e+02	1.736537551879883e+01	1.717764663696289e+01	1.698579788208008e+01	1.736537551879883e+01	
1.850099945068359e+02	1.698579788208008e+01	1.679709815979004e+01	1.660424804687500e+01	1.698579788208008e+01	
1.860099945068359e+02	1.660424804687500e+01	1.641455078125000e+01	1.622067642211914e+01	1.660424804687500e+01	
1.870099945068359e+02	1.622067642211914e+01	1.602996063232422e+01	1.583503818511963e+01	1.622067642211914e+01	
1.880099945068359e+02	1.583503818511963e+01	1.564327812194824e+01	1.544728374481201e+01	1.583503818511963e+01	
1.890099945068359e+02	1.544728374481201e+01	1.525445461273193e+01	1.505736064910889e+01	1.544728374481201e+01	
1.900099945068359e+02	1.505736064910889e+01	1.486343669891357e+01	1.466521644592285e+01	1.505736064910889e+01	
1.910099945068359e+02	1.466521644592285e+01	1.447017097473145e+01	1.427079772949219e+01	1.466521644592285e+01	
1.920099945068359e+02	1.427079772949219e+01	1.407460212707520e+01	1.387404441833496e+01	1.427079772949219e+01	
1.930099945068359e+02	1.387404441833496e+01	1.367667007446289e+01	1.347490024566650e+01	1.387404441833496e+01	
1.940099945068359e+02	1.347490024566650e+01	1.327631568908691e+01	1.307330131530762e+01	1.347490024566650e+01	
1.950099945068359e+02	1.307330131530762e+01	1.287347698211670e+01	1.266918563842773e+01	1.307330131530762e+01	
1.960099945068359e+02	1.266918563842773e+01	1.246808624267578e+01	1.226248455047607e+01	1.266918563842773e+01	
1.970099945068359e+02	1.226248455047607e+01	1.206007766723633e+01	1.185312938690186e+01	1.226248455047607e+01	
1.980099945068359e+02	1.185312938690186e+01	1.164937973022461e+01	1.144104862213135e+01	1.185312938690186e+01	
1.990099945068359e+02	1.144104862213135e+01	1.123591899871826e+01	1.102616691589355e+01	1.144104862213135e+01	
2.000099945068359e+02	1.102616691589355e+01	1.081961822509766e+01	1.060840606689453e+01	1.102616691589355e+01	
2.010099945068359e+02	1.060840606689453e+01	1.040039920806885e+01	1.018768501281738e+01	1.060840606689453e+01	
2.020099945068359e+02	1.018768501281738e+01	9.978178024291992e+00	9.763917922973633e+00	1.018768501281738e+01	
2.030099945068359e+02	9.763917922973633e+00	9.552867889404297e+00	9.337018013000488e+00	9.763917922973633e+00	
2.040099945068359e+02	9.337018013000488e+00	9.124378204345703e+00	8.906891822814941e+00	9.337018013000488e+00	
2.050099945068359e+02	8.906891822814941e+00	8.692615509033203e+00	8.473443984985352e+00	8.906891822814941e+00	
2.060099945068359e+02	8.473443984985352e+00	8.257482528686523e+00	8.036573410034180e+00	8.473443984985352e+00	
2.070099945068359e+02	8.036573410034180e+00	7.818874359130859e+00	7.596175193786621e+00	8.036573410034180e+00	
2.080099945068359e+02	7.596175193786621e+00	7.376686096191406e+00	7.152141094207764e+00	7.596175193786621e+00	
2.090099945068359e+02	7.152141094207764e+00	6.930805206298828e+00	6.704356193542480e+00	7.152141094207764e+00	
2.100099945068359e+02	6.704356193542480e+00	6.481114387512207e+00	6.252701282501221e+00	6.704356193542480e+00	
2.110099945068359e+02	6.252701282501221e+00	6.027492523193359e+00	5.797050952911377e+00	6.252701282501221e+00	
2.120099945068359e+02	5.797050952911377e+00	5.569811344146729e+00	5.337275505065918e+00	5.797050952911377e+00	
2.130099945068359e+02	5.337275505065918e+00	5.107937812805176e+00	4.873238086700439e+00	5.337275505065918e+00	
2.140099945068359e+02	4.873238086700439e+00	4.641732215881348e+00	4.404795646667480e+00	4.873238086700439e+00	
2.150099945068359e+02	4.404795646667480e+00	4.171048164367676e+00	3.931799173355103e+00	4.404795646667480e+00	
2.160099945068359e+02	3.931799173355103e+00	3.695733070373535e+00	3.454091548919678e+00	3.931799173355103e+00	
2.170099945068359e+02	3.454091548919678e+00	3.215626478195190e+00	2.971509218215942e+00	3.454091548919678e+00	
2.180099945068359e+02	2.971509218215942e+00	2.730560541152954e+00	2.483880043029785e+00	2.971509218215942e+00	
2.190099945068359e+02	2.483880043029785e+00	2.240359544754028e+00	1.991024017333984e+00	2.483880043029785e+00	
2.200099945068359e+02	1.991024017333984e+00	1.744838714599609e+00	1.492752075195312e+00	1.991024017333984e+00	
2.210099945068359e+02	1.492752075195312e+00	1.243804693222046e+00	9.888659119606018e-01	1.492752075195312e+00	
2.220099945068359e+02	9.888659119606018e-01	7.370543479919434e-01	4.791574478149414e-01	9.888659119606018e-01	
2.230099945068359e+02	4.791574478149414e-01	2.243741899728775e-01	-3.659209609031677e-02	4.791574478149414e-01	
2.240099945068359e+02	-3.659209609031677e-02	-2.944598197937012e-01	-5.586125850677490e-01	-3.659209609031677e-02	
2.250099945068359e+02	-5.586125850677490e-01	-8.196834325790405e-01	-1.087145805358887e+00	-5.586125850677490e-01	
2.260099945068359e+02	-1.087145805358887e+00	-1.351544737815857e+00	-1.622446298599243e+00	-1.087145805358887e+00	
2.270099945068359e+02	-1.622446298599243e+00	-1.890304923057556e+00	-2.164782285690308e+00	-1.622446298599243e+00	
2.280099945068359e+02	-2.164782285690308e+00	-2.436239242553711e+00	-2.714436769485474e+00	-2.164782285690308e+00	
2.290099945068359e+02	-2.714436769485474e+00	-2.989638566970825e+00	-3.271708250045776e+00	-2.714436769485474e+00	
2.300099945068359e+02	-3.271708250045776e+00	-3.550809621810913e+00	-3.836912155151367e+00	-3.271708250045776e+00	
2.310099945068359e+02	-3.836912155151367e+00	-4.120077133178711e+00	-4.410383224487305e+00	-3.836912155151367e+00	
2.320099945068359e+02	-4.410383224487305e+00	-4.697785377502441e+00	-4.992475986480713e+00	-4.410383224487305e+00	
2.330099945068359e+02	-4.992475986480713e+00	-5.284299373626709e+00	-5.583566188812256e+00	-4.992475986480713e+00	
2.340099945068359e+02	-5.583566188812256e+00	-5.880007743835449e+00	-6.184055328369141e+00	-5.583566188812256e+00	
2.350099945068359e+02	-6.184055328369141e+00	-6.485324382781982e+00	-6.794371128082275e+00	-6.184055328369141e+00	
2.360099945068359e+02	-6.794371128082275e+00	-7.100691318511963e+00	-7.414971351623535e+00	-6.794371128082275e+00	
2.370099945068359e+02	-7.414971351623535e+00	-7.726583003997803e+00	-8.046346664428711e+00	-7.414971351623535e+00	
2.380099945068359e+02	-8.046346664428711e+00	-8.363508224487305e+00	-8.689026832580566e+00	-8.046346664428711e+00	
2.390099945068359e+02	-8.689026832580566e+00	-9.012017250061035e+00	-9.343582153320312e+00	-8.689026832580566e+00	
2.400099945068359e+02	-9.343582153320312e+00	-9.672704696655273e+00	-1.001063442230225e+01	-9.343582153320312e+00	
2.410099945068359e+02	-1.001063442230225e+01	-1.034621715545654e+01	-1.069085693359375e+01	-1.001063442230225e+01	
2.420099945068359e+02	-1.069085693359375e+01	-1.103326129913330e+01	-1.138499164581299e+01	-1.069085693359375e+01	
2.430099945068359e+02	-1.138499164581299e+01	-1.173461341857910e+01	-1.209385108947754e+01	-1.138499164581299e+01	
2.440099945068359e+02	-1.209385108947754e+01	-1.245112800598145e+01	-1.281833457946777e+01	-1.209385108947754e+01	
2.450099945068359e+02	-1.281833457946777e+01	-1.318375396728516e+01	-1.355944347381592e+01	-1.281833457946777e+01	
2.460099945068359e+02	-1.355944347381592e+01	-1.393354701995850e+01	-1.431829547882080e+01	-1.355944347381592e+01	
2.470099945068359e+02	-1.431829547882080e+01	-1.470169162750244e+01	-1.509614467620850e+01	-1.431829547882080e+01	
2.480099945068359e+02	-1.509614467620850e+01	-1.548952198028564e+01	-1.589441108703613e+01	-1.509614467620850e+01	
2.490099945068359e+02	-1.589441108703613e+01	-1.629854583740234e+01	-1.671470069885254e+01	-1.589441108703613e+01	
2.500099945068359e+02	-1.671470069885254e+01	9.059843420982361e-01	-1.672302055358887e+01	1.892620468139648e+01	
2.510099945068359e+02	1.892620468139648e+01	3.604981613159180e+01	1.892620468139648e+01	5.327694702148438e+01	
2.520099945068359e+02	5.327694702148438e+01	5.167072296142578e+01	4.978258514404297e+01	5.361331176757812e+01	
2.530099945068359e+02	4.978258514404297e+01	4.812916946411133e+01	4.652318572998047e+01	4.978258514404297e+01	
2.540099945068359e+02	4.652318572998047e+01	4.507788085937500e+01	4.365695190429688e+01	4.652318572998047e+01	
2.550099945068359e+02	4.365695190429688e+01	4.235220718383789e+01	4.105893707275391e+01	4.365695190429688e+01	
2.560100097656250e+02	4.105893707275391e+01	3.985540008544922e+01	3.865602874755859e+01	4.105893707275391e+01	
2.570100097656250e+02	3.865602874755859e+01	3.753015136718750e+01	3.640432739257812e+01	3.865602874755859e+01	
2.580100097656250e+02	3.640432739257812e+01	3.534173965454102e+01	3.427696609497070e+01	3.640432739257812e+01	
2.590100097656250e+02	3.427696609497070e+01	3.326872253417969e+01	3.225717163085938e+01	3.427696609497070e+01	
2.600100097656250e+02	3.225717163085938e+01	3.129758071899414e+01	3.033422279357910e+01	3.225717163085938e+01	
2.610100097656250e+02	3.033422279357910e+01	2.941953468322754e+01	2.850099945068359e+01	3.033422279357910e+01	
2.620100097656250e+02	2.850099945068359e+01	2.762859535217285e+01	2.675247383117676e+01	2.850099945068359e+01	
2.630100097656250e+02	2.675247383117676e+01	2.592037773132324e+01	2.508479309082031e+01	2.675247383117676e+01	
2.640100097656250e+02	2.508479309082031e+01	2.429135322570801e+01	2.349468612670898e+01	2.508479309082031e+01	
2.650100097656250e+02	2.349468612670898e+01	2.273839378356934e+01	2.197912025451660e+01	2.349468612670898e+01	
2.660100097656250e+02	2.197912025451660e+01	2.125849342346191e+01	2.053509330749512e+01	2.197912025451660e+01	
2.670100097656250e+02	2.053509330749512e+01	1.984860610961914e+01	1.915950393676758e+01	2.053509330749512e+01	
2.680100097656250e+02	1.915950393676758e+01	1.850556564331055e+01	1.784910774230957e+01	1.915950393676758e+01	
2.690100097656250e+02	1.784910774230957e+01	1.722604751586914e+01	1.660050773620605e+01	1.784910774230957e+01	
2.700100097656250e+02	1.660050773620605e+01	1.600657844543457e+01	1.541014957427979e+01	1.660050773620605e+01	
2.710100097656250e+02	1.541014957427979e+01	1.484354496002197e+01	1.427436733245850e+01	1.541014957427979e+01	
2.720100097656250e+02	1.427436733245850e+01	1.373323822021484e+01	1.318941402435303e+01	1.427436733245850e+01	
2.730100097656250e+02	1.318941402435303e+01	1.267188644409180e+01	1.215150260925293e+01	1.318941402435303e+01	
2.740100097656250e+02	1.215150260925293e+01	1.165570163726807e+01	1.115684795379639e+01	1.215150260925293e+01	
2.750100097656250e+02	1.115684795379639e+01	1.068091678619385e+01	1.020171070098877e+01	1.115684795379639e+01	
2.760100097656250e+02	1.020171070098877e+01	9.743827819824219e+00	9.282425880432129e+00	1.020171070098877e+01	
2.770100097656250e+02	9.282425880432129e+00	8.840821266174316e+00	8.395440101623535e+00	9.282425880432129e+00	
2.780100097656250e+02	8.395440101623535e+00	7.968408107757568e+00	7.537329673767090e+00	8.395440101623535e+00	
2.790100097656250e+02	7.537329673767090e+00	7.123237133026123e+00	6.704822540283203e+00	7.537329673767090e+00	
2.800100097656250e+02	6.704822540283203e+00	6.302117347717285e+00	5.894810676574707e+00	6.704822540283203e+00	
2.810100097656250e+02	5.894810676574707e+00	5.502024650573730e+00	5.104357719421387e+00	5.894810676574707e+00	
2.820100097656250e+02	5.104357719421387e+00	4.720108985900879e+00	4.330701828002930e+00	5.104357719421387e+00	
2.830100097656250e+02	4.330701828002930e+00	3.953694343566895e+00	3.571254014968872e+00	4.330701828002930e+00	
2.840100097656250e+02	3.571254014968872e+00	3.200277566909790e+00	2.823596954345703e+00	3.571254014968872e+00	
2.850100097656250e+02	2.823596954345703e+00	2.457522630691528e+00	2.085476875305176e+00	2.823596954345703e+00	
2.860100097656250e+02	2.085476875305176e+00	1.723252773284912e+00	1.354794621467590e+00	2.085476875305176e+00	
2.870100097656250e+02	1.354794621467590e+00	9.954426288604736e-01	6.295974254608154e-01	1.354794621467590e+00	
2.880100097656250e+02	6.295974254608154e-01	2.722067832946777e-01	-9.193284809589386e-02	6.295974254608154e-01	
2.890100097656250e+02	-9.193284809589386e-02	-4.482108652591705e-01	-8.114909529685974e-01	-9.193284809589386e-02	
2.900100097656250e+02	-8.114909529685974e-01	-1.167448878288269e+00	-1.530660033226013e+00	-8.114909529685974e-01	
2.910100097656250e+02	-1.530660033226013e+00	-1.887040019035339e+00	-2.250923871994019e+00	-1.530660033226013e+00	
2.920100097656250e+02	-2.250923871994019e+00	-2.608423471450806e+00	-2.973677873611450e+00	-2.250923871994019e+00	
2.930100097656250e+02	-2.973677873611450e+00	-3.332956552505493e+00	-3.700242519378662e+00	-2.973677873611450e+00	
2.940100097656250e+02	-3.700242519378662e+00	-4.061926841735840e+00	-4.431873798370361e+00	-3.700242519378662e+00	
2.950100097656250e+02	-4.431873798370361e+00	-4.796563625335693e+00	-5.169775009155273e+00	-4.431873798370361e+00	
2.960100097656250e+02	-5.169775009155273e+00	-5.538048744201660e+00	-5.915110111236572e+00	-5.169775009155273e+00	
2.970100097656250e+02	-5.915110111236572e+00	-6.287530899047852e+00	-6.669012546539307e+00	-5.915110111236572e+00	
2.980100097656250e+02	-6.669012546539307e+00	-7.046134471893311e+00	-7.432599544525146e+00	-6.669012546539307e+00	
2.990100097656250e+02	-7.432599544525146e+00	-7.814973354339600e+00	-8.206983566284180e+00	-7.432599544525146e+00	
3.000100097656250e+02	-8.206983566284180e+00	-8.595163345336914e+00	-8.993286132812500e+00	-8.206983566284180e+00	
3.010100097656250e+02	-8.993286132812500e+00	-9.387834548950195e+00	-9.792650222778320e+00	-8.993286132812500e+00	
3.020100097656250e+02	-9.792650222778320e+00	-1.019414901733398e+01	-1.060625839233398e+01	-9.792650222778320e+00	
3.030100097656250e+02	-1.060625839233398e+01	-1.101531410217285e+01	-1.143534755706787e+01	-1.060625839233398e+01	
3.040100097656250e+02	-1.143534755706787e+01	-1.185260200500488e+01	-1.228122901916504e+01	-1.143534755706787e+01	
3.050100097656250e+02	-1.228122901916504e+01	-1.270737171173096e+01	-1.314531326293945e+01	-1.228122901916504e+01	
3.060100097656250e+02	-1.314531326293945e+01	-1.358109092712402e+01	-1.402913093566895e+01	-1.314531326293945e+01	
3.070100097656250e+02	-1.402913093566895e+01	-1.447536468505859e+01	-1.493437099456787e+01	-1.402913093566895e+01	
3.080100097656250e+02	-1.493437099456787e+01	-1.539197063446045e+01	-1.586290550231934e+01	-1.493437099456787e+01	
3.090100097656250e+02	-1.586290550231934e+01	-1.633289146423340e+01	-1.681683921813965e+01	-1.586290550231934e+01	
3.100100097656250e+02	-1.681683921813965e+01	-1.730036735534668e+01	-1.779855918884277e+01	-1.681683921813965e+01	
3.110100097656250e+02	-1.779855918884277e+01	-1.829694175720215e+01	-1.881077766418457e+01	-1.779855918884277e+01	
3.120100097656250e+02	-1.881077766418457e+01	-1.932552528381348e+01	-1.985661697387695e+01	-1.881077766418457e+01	
3.130100097656250e+02	-1.985661697387695e+01	-2.038946151733398e+01	-2.093966484069824e+01	-1.985661697387695e+01	
3.140100097656250e+02	-2.093966484069824e+01	-2.149261093139648e+01	-2.206407165527344e+01	-2.093966484069824e+01	
3.150100097656250e+02	-2.206407165527344e+01	-2.263943672180176e+01	-2.323463630676270e+01	-2.206407165527344e+01	
3.160100097656250e+02	-2.323463630676270e+01	-2.383509826660156e+01	-2.445690536499023e+01	-2.323463630676270e+01	
3.170100097656250e+02	-2.445690536499023e+01	-2.508555793762207e+01	-2.573727607727051e+01	-2.445690536499023e+01	
3.180100097656250e+02	-2.573727607727051e+01	-2.639766311645508e+01	-2.708307266235352e+01	-2.573727607727051e+01	
3.190100097656250e+02	-2.708307266235352e+01	-2.777922439575195e+01	-2.850260353088379e+01	-2.708307266235352e+01	
3.200100097656250e+02	-2.850260353088379e+01	-2.923902511596680e+01	-3.000511741638184e+01	-2.850260353088379e+01	
3.210100097656250e+02	-3.000511741638184e+01	-3.078672409057617e+01	-3.160065269470215e+01	-3.000511741638184e+01	
3.220100097656250e+02	-3.160065269470215e+01	-3.243259048461914e+01	-3.329961395263672e+01	-3.160065269470215e+01	
3.230100097656250e+02	-3.329961395263672e+01	-3.418690872192383e+01	-3.511200714111328e+01	-3.329961395263672e+01	
3.240100097656250e+02	-3.511200714111328e+01	-3.605902481079102e+01	-3.704624176025391e+01	-3.511200714111328e+01	
3.250100097656250e+02	-3.704624176025391e+01	-3.805585479736328e+01	-3.910741806030273e+01	-3.704624176025391e+01	
3.260100097656250e+02	-3.910741806030273e+01	-4.018012237548828e+01	-4.129553604125977e+01	-3.910741806030273e+01	
3.270100097656250e+02	-4.129553604125977e+01	-4.242875289916992e+01	-4.360432052612305e+01	-4.129553604125977e+01	
3.280100097656250e+02	-4.360432052612305e+01	-4.479255676269531e+01	-4.602193450927734e+01	-4.360432052612305e+01	
3.290100097656250e+02	-4.602193450927734e+01	-4.725828170776367e+01	-4.853454208374023e+01	-4.602193450927734e+01	
3.300100097656250e+02	-4.853454208374023e+01	-4.981351852416992e+01	-5.113228988647461e+01	-4.853454208374023e+01	
3.310100097656250e+02	-5.113228988647461e+01	-5.245290374755859e+01	-5.381517791748047e+01	-5.113228988647461e+01	
3.320100097656250e+02	-5.381517791748047e+01	-5.518232345581055e+01	-5.659484481811523e+01	-5.381517791748047e+01	
3.330100097656250e+02	-5.659484481811523e+01	-5.801720809936523e+01	-5.948889541625977e+01	-5.659484481811523e+01	
3.340100097656250e+02	-5.948889541625977e+01	-6.097261810302734e+01	-6.250678634643555e+01	-5.948889541625977e+01	
3.350100097656250e+02	-6.250678634643555e+01	-6.404595947265625e+01	-6.563026428222656e+01	-6.250678634643555e+01	
3.360100097656250e+02	-6.563026428222656e+01	-6.719817352294922e+01	-6.879736328125000e+01	-6.563026428222656e+01	
3.370100097656250e+02	-6.879736328125000e+01	-7.034504699707031e+01	-7.190335083007812e+01	-6.879736328125000e+01	
3.380100097656250e+02	-7.190335083007812e+01	-7.336968994140625e+01	-7.482439422607422e+01	-7.190335083007812e+01	
3.390100097656250e+02	-7.482439422607422e+01	-7.615271759033203e+01	-7.745078277587891e+01	-7.482439422607422e+01	
3.400100097656250e+02	-7.745078277587891e+01	-7.860121154785156e+01	-7.970891571044922e+01	-7.745078277587891e+01	
3.410100097656250e+02	-7.970891571044922e+01	-8.066204833984375e+01	-8.156631469726562e+01	-7.970891571044922e+01	
3.420100097656250e+02	-8.156631469726562e+01	-8.232149505615234e+01	-8.302727508544922e+01	-8.156631469726562e+01	
3.430100097656250e+02	-8.302727508544922e+01	-8.359918975830078e+01	-8.412574768066406e+01	-8.302727508544922e+01	
3.440100097656250e+02	-8.412574768066406e+01	-8.454006195068359e+01	-8.491614532470703e+01	-8.412574768066406e+01	
3.450100097656250e+02	-8.491614532470703e+01	-8.520415496826172e+01	-8.546231842041016e+01	-8.491614532470703e+01	
3.460100097656250e+02	-8.546231842041016e+01	-8.565549468994141e+01	-8.582686614990234e+01	-8.546231842041016e+01	
3.470100097656250e+02	-8.582686614990234e+01	-8.595278167724609e+01	-8.606364440917969e+01	-8.582686614990234e+01	
3.480100097656250e+02	-8.606364440917969e+01	-8.614406585693359e+01	-8.621453094482422e+01	-8.606364440917969e+01	
3.490100097656250e+02	-8.621453094482422e+01	-8.626530456542969e+01	-8.630970764160156e+01	-8.621453094482422e+01	
3.500100097656250e+02	-8.630970764160156e+01	-8.634167480468750e+01	-8.636965942382812e+01	-8.630970764160156e+01	
3.510100097656250e+02	-8.636965942382812e+01	-8.638992309570312e+01	-8.640773773193359e+01	-8.636965942382812e+01	
3.520100097656250e+02	-8.640773773193359e+01	-8.642079925537109e+01	-8.643236541748047e+01	-8.640773773193359e+01	
3.530100097656250e+02	-8.643236541748047e+01	-8.644100952148438e+01	-8.644876098632812e+01	-8.643236541748047e+01	
3.540100097656250e+02	-8.644876098632812e+01	-8.645469665527344e+01	-8.646010589599609e+01	-8.644876098632812e+01	
3.550100097656250e+02	-8.646010589599609e+01	-8.646438598632812e+01	-8.646833801269531e+01	-8.646010589599609e+01	
3.560100097656250e+02	-8.646833801269531e+01	-8.647158813476562e+01	-8.647464752197266e+01	-8.646833801269531e+01	
3.570100097656250e+02	-8.647464752197266e+01	-8.647724914550781e+01	-8.647974395751953e+01	-8.647464752197266e+01	
3.580100097656250e+02	-8.647974395751953e+01	-8.648194122314453e+01	-8.648407745361328e+01	-8.647974395751953e+01	
3.590100097656250e+02	-8.648407745361328e+01	-8.648600769042969e+01	-8.648790740966797e+01	-8.648407745361328e+01	
3.600100097656250e+02	-8.648790740966797e+01	-8.648966979980469e+01	-8.649141693115234e+01	-8.648790740966797e+01	
3.610100097656250e+02	-8.649141693115234e+01	-8.649305725097656e+01	-8.649470520019531e+01	-8.649141693115234e+01	
3.620100097656250e+02	-8.649470520019531e+01	-8.649626922607422e+01	-8.649784851074219e+01	-8.649470520019531e+01	
3.630100097656250e+02	-8.649784851074219e+01	-8.649935913085938e+01	-8.650089263916016e+01	-8.649784851074219e+01	
3.640100097656250e+02	-8.650089263916016e+01	-8.650236511230469e+01	-8.650385284423828e+01	-8.650089263916016e+01	
3.650100097656250e+02	-8.650385284423828e+01	-8.650530242919922e+01	-8.650676727294922e+01	-8.650385284423828e+01	
3.660100097656250e+02	-8.650676727294922e+01	-8.650818634033203e+01	-8.650962829589844e+01	-8.650676727294922e+01	
3.670100097656250e+02	-8.650962829589844e+01	-8.651103210449219e+01	-8.651245880126953e+01	-8.650962829589844e+01	
3.680100097656250e+02	-8.651245880126953e+01	-8.651384735107422e+01	-8.651525878906250e+01	-8.651245880126953e+01	
3.690100097656250e+02	-8.651525878906250e+01	-8.651662445068359e+01	-8.651802062988281e+01	-8.651525878906250e+01	
3.700100097656250e+02	-8.651802062988281e+01	-8.651937866210938e+01	-8.652076721191406e+01	-8.651802062988281e+01	
3.710100097656250e+02	-8.652076721191406e+01	-8.652210998535156e+01	-8.652347564697266e+01	-8.652076721191406e+01	
3.720100097656250e+02	-8.652347564697266e+01	-8.652481079101562e+01	-8.652616882324219e+01	-8.652347564697266e+01	
3.730100097656250e+02	-8.652616882324219e+01	-8.652748870849609e+01	-8.652883148193359e+01	-8.652616882324219e+01	
3.740100097656250e+02	-8.652883148193359e+01	-8.653013610839844e+01	-8.653146362304688e+01	-8.652883148193359e+01	
3.750100097656250e+02	-8.653146362304688e+01	-8.653276062011719e+01	-8.653408050537109e+01	-8.653146362304688e+01	
3.760100097656250e+02	-8.653408050537109e+01	-8.653535461425781e+01	-8.653665924072266e+01	-8.653408050537109e+01	
3.770100097656250e+02	-8.653665924072266e+01	-8.653792572021484e+01	-8.653921508789062e+01	-8.653665924072266e+01	
3.780100097656250e+02	-8.653921508789062e+01	-8.654047393798828e+01	-8.654174804687500e+01	-8.653921508789062e+01	
3.790100097656250e+02	-8.654174804687500e+01	-8.654298400878906e+01	-8.654424285888672e+01	-8.654174804687500e+01	
3.800100097656250e+02	-8.654424285888672e+01	-8.654547119140625e+01	-8.654671478271484e+01	-8.654424285888672e+01	
3.810100097656250e+02	-8.654671478271484e+01	-8.654792785644531e+01	-8.654916381835938e+01	-8.654671478271484e+01	
3.820100097656250e+02	-8.654916381835938e+01	-8.655036163330078e+01	-8.655157470703125e+01	-8.654916381835938e+01	
3.830100097656250e+02	-8.655157470703125e+01	-8.655275726318359e+01	-8.655396270751953e+01	-8.655157470703125e+01	
3.840100097656250e+02	-8.655396270751953e+01	-8.655513000488281e+01	-8.655632019042969e+01	-8.655396270751953e+01	
3.850100097656250e+02	-8.655632019042969e+01	-8.655747222900391e+01	-8.655864715576172e+01	-8.655632019042969e+01	
3.860100097656250e+02	-8.655864715576172e+01	-8.655978393554688e+01	-8.656094360351562e+01	-8.655864715576172e+01	
3.870100097656250e+02	-8.656094360351562e+01	-8.656207275390625e+01	-8.656321716308594e+01	-8.656094360351562e+01	
3.880100097656250e+02	-8.656321716308594e+01	-8.656432342529297e+01	-8.656545257568359e+01	-8.656321716308594e+01	
3.890100097656250e+02	-8.656545257568359e+01	-8.656655120849609e+01	-8.656766510009766e+01	-8.656545257568359e+01	
3.900100097656250e+02	-8.656766510009766e+01	-8.656874847412109e+01	-8.656984710693359e+01	-8.656766510009766e+01	
3.910100097656250e+02	-8.656984710693359e+01	-8.657091522216797e+01	-8.657199859619141e+01	-8.656984710693359e+01	
3.920100097656250e+02	-8.657199859619141e+01	-8.657305145263672e+01	-8.657411956787109e+01	-8.657199859619141e+01	
3.930100097656250e+02	-8.657411956787109e+01	-8.657515716552734e+01	-8.657621765136719e+01	-8.657411956787109e+01	
3.940100097656250e+02	-8.657621765136719e+01	-8.657723999023438e+01	-8.657827758789062e+01	-8.657621765136719e+01	
3.950100097656250e+02	-8.657827758789062e+01	-8.657929229736328e+01	-8.658031463623047e+01	-8.657827758789062e+01	
3.960100097656250e+02	-8.658031463623047e+01	-8.658131408691406e+01	-8.658232879638672e+01	-8.658031463623047e+01	
3.970100097656250e+02	-8.658232879638672e+01	-8.658330535888672e+01	-8.658430480957031e+01	-8.658232879638672e+01	
3.980100097656250e+02	-8.658430480957031e+01	-8.658527374267578e+01	-8.658625793457031e+01	-8.658430480957031e+01	
3.990100097656250e+02	-8.658625793457031e+01	-8.658721160888672e+01	-8.658818054199219e+01	-8.658625793457031e+01	
4.000100097656250e+02	-8.658818054199219e+01	-8.658911895751953e+01	-8.659007263183594e+01	-8.658818054199219e+01	
4.010100097656250e+02	-8.659007263183594e+01	-8.659100341796875e+01	-8.659194183349609e+01	-8.659007263183594e+01	
4.020100097656250e+02	-8.659194183349609e+01	-8.659285736083984e+01	-8.659378814697266e+01	-8.659194183349609e+01	
4.030100097656250e+02	-8.659378814697266e+01	-8.659468841552734e+01	-8.659559631347656e+01	-8.659378814697266e+01	
4.040100097656250e+02	-8.659559631347656e+01	-8.659648895263672e+01	-8.659738922119141e+01	-8.659559631347656e+01	
4.050100097656250e+02	-8.659738922119141e+01	-8.659825897216797e+01	-8.659914398193359e+01	-8.659738922119141e+01	
4.060100097656250e+02	-8.659914398193359e+01	-8.660000610351562e+01	-8.660088348388672e+01	-8.659914398193359e+01	
4.070100097656250e+02	-8.660088348388672e+01	-8.660173034667969e+01	-8.660259246826172e+01	-8.660088348388672e+01	
4.080100097656250e+02	-8.660259246826172e+01	-8.660342407226562e+01	-8.660427093505859e+01	-8.660259246826172e+01	
4.090100097656250e+02	-8.660427093505859e+01	-8.660509490966797e+01	-8.660592651367188e+01	-8.660427093505859e+01	
4.100100097656250e+02	-8.660592651367188e+01	-8.660674285888672e+01	-8.660755920410156e+01	-8.660592651367188e+01	
4.110100097656250e+02	-8.660755920410156e+01	-8.660836029052734e+01	-8.660916900634766e+01	-8.660755920410156e+01	
4.120100097656250e+02	-8.660916900634766e+01	-8.660995483398438e+01	-8.661074829101562e+01	-8.660916900634766e+01	
4.130100097656250e+02	-8.661074829101562e+01	-8.661152648925781e+01	-8.661231231689453e+01	-8.661074829101562e+01	
4.140100097656250e+02	-8.661231231689453e+01	-8.661307525634766e+01	-8.661384582519531e+01	-8.661231231689453e+01	
4.150100097656250e+02	-8.661384582519531e+01	-8.661459350585938e+01	-8.661535644531250e+01	-8.661384582519531e+01	
4.160100097656250e+02	-8.661535644531250e+01	-8.661609649658203e+01	-8.661684417724609e+01	-8.661535644531250e+01	
4.170100097656250e+02	-8.661684417724609e+01	-8.661756896972656e+01	-8.661830902099609e+01	-8.661684417724609e+01	
4.180100097656250e+02	-8.661830902099609e+01	-8.661902618408203e+01	-8.661975097656250e+01	-8.661830902099609e+01	
4.190100097656250e+02	-8.661975097656250e+01	-8.662045288085938e+01	-8.662117004394531e+01	-8.661975097656250e+01	
4.200100097656250e+02	-8.662117004394531e+01	-8.662186431884766e+01	-8.662256622314453e+01	-8.662117004394531e+01	
4.210100097656250e+02	-8.662256622314453e+01	-8.662324523925781e+01	-8.662393951416016e+01	-8.662256622314453e+01	
4.220100097656250e+02	-8.662393951416016e+01	-8.662461090087891e+01	-8.662529754638672e+01	-8.662393951416016e+01	
4.230100097656250e+02	-8.662529754638672e+01	-8.662595367431641e+01	-8.662662506103516e+01	-8.662529754638672e+01	
4.240100097656250e+02	-8.662662506103516e+01	-8.662727355957031e+01	-8.662793731689453e+01	-8.662662506103516e+01	
4.250100097656250e+02	-8.662793731689453e+01	-8.662857818603516e+01	-8.662922668457031e+01	-8.662793731689453e+01	
4.260100097656250e+02	-8.662922668457031e+01	-8.662985992431641e+01	-8.663050079345703e+01	-8.662922668457031e+01	
4.270100097656250e+02	-8.663050079345703e+01	-8.663111877441406e+01	-8.663174438476562e+01	-8.663050079345703e+01	
4.280100097656250e+02	-8.663174438476562e+01	-8.663235473632812e+01	-8.663297271728516e+01	-8.663174438476562e+01	
4.290100097656250e+02	-8.663297271728516e+01	-8.663357543945312e+01	-8.663418579101562e+01	-8.663297271728516e+01	
4.300100097656250e+02	-8.663418579101562e+01	-8.663478088378906e+01	-8.663537597656250e+01	-8.663418579101562e+01	
4.310100097656250e+02	-8.663537597656250e+01	-8.663595581054688e+01	-8.663655090332031e+01	-8.663537597656250e+01	
4.320100097656250e+02	-8.663655090332031e+01	-8.663712310791016e+01	-8.663770294189453e+01	-8.663655090332031e+01	
4.330100097656250e+02	-8.663770294189453e+01	-8.663826751708984e+01	-8.663883972167969e+01	-8.663770294189453e+01	
4.340100097656250e+02	-8.663883972167969e+01	-8.663938903808594e+01	-8.663995361328125e+01	-8.663883972167969e+01	
4.350100097656250e+02	-8.663995361328125e+01	-8.664049530029297e+01	-8.664105224609375e+01	-8.663995361328125e+01	
4.360100097656250e+02	-8.664105224609375e+01	-8.664158630371094e+01	-8.664212799072266e+01	-8.664105224609375e+01	
4.370100097656250e+02	-8.664212799072266e+01	-8.664266204833984e+01	-8.664319610595703e+01	-8.664212799072266e+01	
4.380100097656250e+02	-8.664319610595703e+01	-8.664371490478516e+01	-8.664424133300781e+01	-8.664319610595703e+01	
4.390100097656250e+02	-8.664424133300781e+01	-8.664475250244141e+01	-8.664527130126953e+01	-8.664424133300781e+01	
4.400100097656250e+02	-8.664527130126953e+01	-8.664576721191406e+01	-8.664627838134766e+01	-8.664527130126953e+01	
4.410100097656250e+02	-8.664627838134766e+01	-8.664677429199219e+01	-8.664727783203125e+01	-8.664627838134766e+01	
4.420100097656250e+02	-8.664727783203125e+01	-8.664775848388672e+01	-8.664825439453125e+01	-8.664727783203125e+01	
4.430100097656250e+02	-8.664825439453125e+01	-8.664873504638672e+01	-8.664921569824219e+01	-8.664825439453125e+01	
4.440100097656250e+02	-8.664921569824219e+01	-8.664968872070312e+01	-8.665016174316406e+01	-8.664921569824219e+01	
4.450100097656250e+02	-8.665016174316406e+01	-8.665062713623047e+01	-8.665110015869141e+01	-8.665016174316406e+01	
4.460100097656250e+02	-8.665110015869141e+01	-8.665155029296875e+01	-8.665201568603516e+01	-8.665110015869141e+01	
4.470100097656250e+02	-8.665201568603516e+01	-8.665245819091797e+01	-8.665291595458984e+01	-8.665201568603516e+01	
4.480100097656250e+02	-8.665291595458984e+01	-8.665335845947266e+01	-8.665380096435547e+01	-8.665291595458984e+01	
4.490100097656250e+02	-8.665380096435547e+01	-8.665423583984375e+01	-8.665467071533203e+01	-8.665380096435547e+01	
4.500100097656250e+02	-8.665467071533203e+01	-6.999063873291016e+01	-8.665467834472656e+01	-5.301471710205078e+01	
4.510100097656250e+02	-5.301471710205078e+01	-2.895216560363770e+01	-5.301471710205078e+01	1.452420902252197e+01	
4.520100097656250e+02	1.452420902252197e+01	4.185337066650391e+01	1.452420902252197e+01	4.961774826049805e+01	
4.530100097656250e+02	4.961774826049805e+01	4.993236923217773e+01	4.961774826049805e+01	5.000998687744141e+01	
4.540100097656250e+02	4.992400360107422e+01	4.971654510498047e+01	4.948624801635742e+01	4.992400360107422e+01	
4.550100097656250e+02	4.948624801635742e+01	4.926638031005859e+01	4.905374908447266e+01	4.948624801635742e+01	
4.560100097656250e+02	4.905374908447266e+01	4.886630630493164e+01	4.868191909790039e+01	4.905374908447266e+01	
4.570100097656250e+02	4.868191909790039e+01	4.850407028198242e+01	4.831881332397461e+01	4.868191909790039e+01	
4.580100097656250e+02	4.831881332397461e+01	4.812179183959961e+01	4.791003417968750e+01	4.831881332397461e+01	
4.590100097656250e+02	4.791003417968750e+01	4.767973709106445e+01	4.743366622924805e+01	4.791003417968750e+01	
4.600100097656250e+02	4.743366622924805e+01	4.717467117309570e+01	4.690415191650391e+01	4.743366622924805e+01	
4.610100097656250e+02	4.690415191650391e+01	4.663301086425781e+01	4.635660171508789e+01	4.690415191650391e+01	
4.620100097656250e+02	4.635660171508789e+01	4.609162902832031e+01	4.582679367065430e+01	4.635660171508789e+01	
4.630100097656250e+02	4.582679367065430e+01	4.558134078979492e+01	4.533941268920898e+01	4.582679367065430e+01	
4.640100097656250e+02	4.533941268920898e+01	4.512016296386719e+01	4.490591430664062e+01	4.533941268920898e+01	
4.650100097656250e+02	4.490591430664062e+01	4.471418380737305e+01	4.452759170532227e+01	4.490591430664062e+01	
4.660100097656250e+02	4.452759170532227e+01	4.436136245727539e+01	4.419966888427734e+01	4.452759170532227e+01	
4.670100097656250e+02	4.419966888427734e+01	4.405533981323242e+01	4.391462707519531e+01	4.419966888427734e+01	
4.680100097656250e+02	4.391462707519531e+01	4.378817749023438e+01	4.366436767578125e+01	4.391462707519531e+01	
4.690100097656250e+02	4.366436767578125e+01	4.355198287963867e+01	4.344132995605469e+01	4.366436767578125e+01	
4.700100097656250e+02	4.344132995605469e+01	4.333970260620117e+01	4.323902893066406e+01	4.344132995605469e+01	
4.710100097656250e+02	4.323902893066406e+01	4.314542770385742e+01	4.305214691162109e+01	4.323902893066406e+01	
4.720100097656250e+02	4.305214691162109e+01	4.296439361572266e+01	4.287644958496094e+01	4.305214691162109e+01	
4.730100097656250e+02	4.287644958496094e+01	4.279285049438477e+01	4.270865631103516e+01	4.287644958496094e+01	
4.740100097656250e+02	4.270865631103516e+01	4.262789916992188e+01	4.254623413085938e+01	4.270865631103516e+01	
4.750100097656250e+02	4.254623413085938e+01	4.246731567382812e+01	4.238724517822266e+01	4.254623413085938e+01	
4.760100097656250e+02	4.238724517822266e+01	4.230940246582031e+01	4.223021316528320e+01	4.238724517822266e+01	
4.770100097656250e+02	4.223021316528320e+01	4.215286254882812e+01	4.207400512695312e+01	4.223021316528320e+01	
4.780100097656250e+02	4.207400512695312e+01	4.199668884277344e+01	4.191773986816406e+01	4.207400512695312e+01	
4.790100097656250e+02	4.191773986816406e+01	4.184011459350586e+01	4.176074600219727e+01	4.191773986816406e+01	
4.800100097656250e+02	4.176074600219727e+01	4.168253326416016e+01	4.160248947143555e+01	4.176074600219727e+01	
4.810100097656250e+02	4.160248947143555e+01	4.152347564697266e+01	4.144255447387695e+01	4.160248947143555e+01	
4.820100097656250e+02	4.144255447387695e+01	4.136257553100586e+01	4.128062057495117e+01	4.144255447387695e+01	
4.830100097656250e+02	4.128062057495117e+01	4.119954299926758e+01	4.111642837524414e+01	4.128062057495117e+01	
4.840100097656250e+02	4.111642837524414e+01	4.103415298461914e+01	4.094978713989258e+01	4.111642837524414e+01	
4.850100097656250e+02	4.094978713989258e+01	4.086623764038086e+01	4.078055572509766e+01	4.094978713989258e+01	
4.860100097656250e+02	4.078055572509766e+01	4.069568252563477e+01	4.060863113403320e+01	4.078055572509766e+01	
4.870100097656250e+02	4.060863113403320e+01	4.052239608764648e+01	4.043395233154297e+01	4.060863113403320e+01	
4.880100097656250e+02	4.043395233154297e+01	4.034634017944336e+01	4.025648498535156e+01	4.043395233154297e+01	
4.890100097656250e+02	4.025648498535156e+01	4.016748809814453e+01	4.007622528076172e+01	4.025648498535156e+01	
4.900100097656250e+02	4.007622528076172e+01	3.998585510253906e+01	3.989319229125977e+01	4.007622528076172e+01	
4.910100097656250e+02	3.989319229125977e+01	3.980146026611328e+01	3.970742416381836e+01	3.989319229125977e+01	
4.920100097656250e+02	3.970742416381836e+01	3.961436080932617e+01	3.951897430419922e+01	3.970742416381836e+01	
4.930100097656250e+02	3.951897430419922e+01	3.942461395263672e+01	3.932791137695312e+01	3.951897430419922e+01	
4.940100097656250e+02	3.932791137695312e+01	3.923228836059570e+01	3.913431549072266e+01	3.932791137695312e+01	
4.950100097656250e+02	3.913431549072266e+01	3.903747177124023e+01	3.893826293945312e+01	3.913431549072266e+01	
4.960100097656250e+02	3.893826293945312e+01	3.884023666381836e+01	3.873983764648438e+01	3.893826293945312e+01	
4.970100097656250e+02	3.873983764648438e+01	3.864067077636719e+01	3.853912734985352e+01	3.873983764648438e+01	
4.980100097656250e+02	3.853912734985352e+01	3.843886184692383e+01	3.833620452880859e+01	3.853912734985352e+01	
4.990100097656250e+02	3.833620452880859e+01	3.823487854003906e+01	3.813114929199219e+01	3.833620452880859e+01	
5.000100097656250e+02	3.813114929199219e+01	3.802879333496094e+01	3.792402267456055e+01	3.813114929199219e+01	
5.010100097656250e+02	3.792402267456055e+01	3.782066345214844e+01	3.771487808227539e+01	3.792402267456055e+01	
5.020100097656250e+02	3.771487808227539e+01	3.761053848266602e+01	3.750376129150391e+01	3.771487808227539e+01	
5.030100097656250e+02	3.750376129150391e+01	3.739845657348633e+01	3.729070281982422e+01	3.750376129150391e+01	
5.040100097656250e+02	3.729070281982422e+01	3.718444061279297e+01	3.707571029663086e+01	3.729070281982422e+01	
5.050100097656250e+02	3.707571029663086e+01	3.696849441528320e+01	3.685878753662109e+01	3.707571029663086e+01	
5.060100097656250e+02	3.685878753662109e+01	3.675061416625977e+01	3.663992691040039e+01	3.685878753662109e+01	
5.070100097656250e+02	3.663992691040039e+01	3.653078079223633e+01	3.641909790039062e+01	3.663992691040039e+01	
5.080100097656250e+02	3.641909790039062e+01	3.630896377563477e+01	3.619626235961914e+01	3.641909790039062e+01	
5.090100097656250e+02	3.619626235961914e+01	3.608511352539062e+01	3.597136688232422e+01	3.619626235961914e+01	
5.100100097656250e+02	3.597136688232422e+01	3.585917282104492e+01	3.574435424804688e+01	3.597136688232422e+01	
5.110100097656250e+02	3.574435424804688e+01	3.563108444213867e+01	3.551515197753906e+01	3.574435424804688e+01	
5.120100097656250e+02	3.551515197753906e+01	3.540076828002930e+01	3.528368759155273e+01	3.551515197753906e+01	
5.130100097656250e+02	3.528368759155273e+01	3.516815185546875e+01	3.504988098144531e+01	3.528368759155273e+01	
5.140100097656250e+02	3.504988098144531e+01	3.493315505981445e+01	3.481365203857422e+01	3.504988098144531e+01	
5.150100097656250e+02	3.481365203857422e+01	3.469568634033203e+01	3.457490921020508e+01	3.481365203857422e+01	
5.160100097656250e+02	3.457490921020508e+01	3.445566940307617e+01	3.433358001708984e+01	3.457490921020508e+01	
5.170100097656250e+02	3.433358001708984e+01	3.421302795410156e+01	3.408958053588867e+01	3.433358001708984e+01	
5.180100097656250e+02	3.408958053588867e+01	3.396767807006836e+01	3.384284210205078e+01	3.408958053588867e+01	
5.190100097656250e+02	3.384284210205078e+01	3.371955108642578e+01	3.359329605102539e+01	3.384284210205078e+01	
5.200100097656250e+02	3.359329605102539e+01	3.346859359741211e+01	3.334088134765625e+01	3.359329605102539e+01	
5.210100097656250e+02	3.334088134765625e+01	3.321474075317383e+01	3.308555603027344e+01	3.334088134765625e+01	
5.220100097656250e+02	3.308555603027344e+01	3.295795440673828e+01	3.282727432250977e+01	3.308555603027344e+01	
5.230100097656250e+02	3.282727432250977e+01	3.269820022583008e+01	3.256601333618164e+01	3.282727432250977e+01	
5.240100097656250e+02	3.256601333618164e+01	3.243545150756836e+01	3.230175018310547e+01	3.256601333618164e+01	
5.250100097656250e+02	3.230175018310547e+01	3.216970443725586e+01	3.203448486328125e+01	3.230175018310547e+01	
5.260100097656250e+02	3.203448486328125e+01	3.190095138549805e+01	3.176421737670898e+01	3.203448486328125e+01	
5.270100097656250e+02	3.176421737670898e+01	3.162920570373535e+01	3.149096679687500e+01	3.176421737670898e+01	
5.280100097656250e+02	3.149096679687500e+01	3.135449028015137e+01	3.121476173400879e+01	3.149096679687500e+01	
5.290100097656250e+02	3.121476173400879e+01	3.107683563232422e+01	3.093563652038574e+01	3.121476173400879e+01	
5.300100097656250e+02	3.093563652038574e+01	3.079628372192383e+01	3.065363693237305e+01	3.093563652038574e+01	
5.310100097656250e+02	3.065363693237305e+01	3.051288604736328e+01	3.036882019042969e+01	3.065363693237305e+01	
5.320100097656250e+02	3.036882019042969e+01	3.022669792175293e+01	3.008124732971191e+01	3.036882019042969e+01	
5.330100097656250e+02	3.008124732971191e+01	2.993778991699219e+01	2.979098701477051e+01	3.008124732971191e+01	
5.340100097656250e+02	2.979098701477051e+01	2.964623069763184e+01	2.949811553955078e+01	2.979098701477051e+01	
5.350100097656250e+02	2.949811553955078e+01	2.935209655761719e+01	2.920270919799805e+01	2.949811553955078e+01	
5.360100097656250e+02	2.920270919799805e+01	2.905547142028809e+01	2.890485382080078e+01	2.920270919799805e+01	
5.370100097656250e+02	2.890485382080078e+01	2.875643920898438e+01	2.860463333129883e+01	2.890485382080078e+01	
5.380100097656250e+02	2.860463333129883e+01	2.845508384704590e+01	2.830213737487793e+01	2.860463333129883e+01	
5.390100097656250e+02	2.830213737487793e+01	2.815149688720703e+01	2.799745178222656e+01	2.830213737487793e+01	
5.400100097656250e+02	2.799745178222656e+01	2.784576416015625e+01	2.769066619873047e+01	2.799745178222656e+01	
5.410100097656250e+02	2.769066619873047e+01	2.753797340393066e+01	2.738186645507812e+01	2.769066619873047e+01	
5.420100097656250e+02	2.738186645507812e+01	2.722821426391602e+01	2.707114219665527e+01	2.738186645507812e+01	
5.430100097656250e+02	2.707114219665527e+01	2.691657066345215e+01	2.675857353210449e+01	2.707114219665527e+01	
5.440100097656250e+02	2.675857353210449e+01	2.660312461853027e+01	2.644424629211426e+01	2.675857353210449e+01	
5.450100097656250e+02	2.644424629211426e+01	2.628795814514160e+01	2.612823677062988e+01	2.644424629211426e+01	
5.460100097656250e+02	2.612823677062988e+01	2.597114753723145e+01	2.581061935424805e+01	2.612823677062988e+01	
5.470100097656250e+02	2.581061935424805e+01	2.565276336669922e+01	2.549146652221680e+01	2.581061935424805e+01	
5.480100097656250e+02	2.549146652221680e+01	2.533287811279297e+01	2.517084503173828e+01	2.549146652221680e+01	
5.490100097656250e+02	2.517084503173828e+01	2.501155662536621e+01	2.484881782531738e+01	2.517084503173828e+01	
5.500100097656250e+02	2.484881782531738e+01	2.468885803222656e+01	2.452544403076172e+01	2.484881782531738e+01	
5.510100097656250e+02	2.452544403076172e+01	2.436483955383301e+01	2.420077896118164e+01	2.452544403076172e+01	
5.520100097656250e+02	2.420077896118164e+01	2.403955459594727e+01	2.387486839294434e+01	2.420077896118164e+01	
5.530100097656250e+02	2.387486839294434e+01	2.371304893493652e+01	2.354776000976562e+01	2.387486839294434e+01	
5.540100097656250e+02	2.354776000976562e+01	2.338536262512207e+01	2.321949386596680e+01	2.354776000976562e+01	
5.550100097656250e+02	2.321949386596680e+01	2.305653953552246e+01	2.289010620117188e+01	2.321949386596680e+01	
5.560100097656250e+02	2.289010620117188e+01	2.272660827636719e+01	2.255962562561035e+01	2.289010620117188e+01	
5.570100097656250e+02	2.255962562561035e+01	2.239559936523438e+01	2.222808074951172e+01	2.255962562561035e+01	
5.580100097656250e+02	2.222808074951172e+01	2.206353759765625e+01	2.189549446105957e+01	2.222808074951172e+01	
5.590100097656250e+02	2.189549446105957e+01	2.173044395446777e+01	2.156188583374023e+01	2.189549446105957e+01	
5.600100097656250e+02	2.156188583374023e+01	2.139633369445801e+01	2.122726821899414e+01	2.156188583374023e+01	
5.610100097656250e+02	2.122726821899414e+01	2.106122207641602e+01	2.089165496826172e+01	2.122726821899414e+01	
5.620100097656250e+02	2.089165496826172e+01	2.072511863708496e+01	2.055505180358887e+01	2.089165496826172e+01	
5.630100097656250e+02	2.055505180358887e+01	2.038802719116211e+01	2.021746253967285e+01	2.055505180358887e+01	
5.640100097656250e+02	2.021746253967285e+01	2.004995346069336e+01	1.987889289855957e+01	2.021746253967285e+01	
5.650100097656250e+02	1.987889289855957e+01	1.971089363098145e+01	1.953933525085449e+01	1.987889289855957e+01	
5.660100097656250e+02	1.953933525085449e+01	1.937084960937500e+01	1.919879150390625e+01	1.953933525085449e+01	
5.670100097656250e+02	1.919879150390625e+01	1.902981185913086e+01	1.885725021362305e+01	1.919879150390625e+01	
5.680100097656250e+02	1.885725021362305e+01	1.868777465820312e+01	1.851470375061035e+01	1.885725021362305e+01	
5.690100097656250e+02	1.851470375061035e+01	1.834472656250000e+01	1.817114067077637e+01	1.851470375061035e+01	
5.700100097656250e+02	1.817114067077637e+01	1.800065422058105e+01	1.782654762268066e+01	1.817114067077637e+01	
5.710100097656250e+02	1.782654762268066e+01	1.765554428100586e+01	1.748090934753418e+01	1.782654762268066e+01	
5.720100097656250e+02	1.748090934753418e+01	1.730937957763672e+01	1.713420486450195e+01	1.748090934753418e+01	
5.730100097656250e+02	1.713420486450195e+01	1.696214103698730e+01	1.678641700744629e+01	1.713420486450195e+01	
5.740100097656250e+02	1.678641700744629e+01	1.661380958557129e+01	1.643752479553223e+01	1.678641700744629e+01	
5.750100097656250e+02	1.643752479553223e+01	1.626436042785645e+01	1.608750534057617e+01	1.643752479553223e+01	
5.760100097656250e+02	1.608750534057617e+01	1.591377258300781e+01	1.573633289337158e+01	1.608750534057617e+01	
5.770100097656250e+02	1.573633289337158e+01	1.556201934814453e+01	1.538398265838623e+01	1.573633289337158e+01	
5.780100097656250e+02	1.538398265838623e+01	1.520907402038574e+01	1.503042602539062e+01	1.538398265838623e+01	
5.790100097656250e+02	1.503042602539062e+01	1.485490798950195e+01	1.467563438415527e+01	1.503042602539062e+01	
5.800100097656250e+02	1.467563438415527e+01	1.449949264526367e+01	1.431957721710205e+01	1.467563438415527e+01	
5.810100097656250e+02	1.431957721710205e+01	1.414279651641846e+01	1.396222305297852e+01	1.431957721710205e+01	
5.820100097656250e+02	1.396222305297852e+01	1.378478717803955e+01	1.360353946685791e+01	1.396222305297852e+01	
5.830100097656250e+02	1.360353946685791e+01	1.342543029785156e+01	1.324349117279053e+01	1.360353946685791e+01	
5.840100097656250e+02	1.324349117279053e+01	1.306469249725342e+01	1.288204288482666e+01	1.324349117279053e+01	
5.850100097656250e+02	1.288204288482666e+01	1.270253562927246e+01	1.251915740966797e+01	1.288204288482666e+01	
5.860100097656250e+02	1.251915740966797e+01	1.233892345428467e+01	1.215479660034180e+01	1.251915740966797e+01	
5.870100097656250e+02	1.215479660034180e+01	1.197381591796875e+01	1.178892040252686e+01	1.215479660034180e+01	
5.880100097656250e+02	1.178892040252686e+01	1.160717296600342e+01	1.142148780822754e+01	1.178892040252686e+01	
5.890100097656250e+02	1.142148780822754e+01	1.123895263671875e+01	1.105245685577393e+01	1.142148780822754e+01	
5.900100097656250e+02	1.105245685577393e+01	1.086911201477051e+01	1.068178176879883e+01	1.105245685577393e+01	
5.910100097656250e+02	1.068178176879883e+01	1.049760532379150e+01	1.030941867828369e+01	1.068178176879883e+01	
5.920100097656250e+02	1.030941867828369e+01	1.012438678741455e+01	9.935319900512695e+00	1.030941867828369e+01	
5.930100097656250e+02	9.935319900512695e+00	9.749408721923828e+00	9.559436798095703e+00	9.935319900512695e+00	
5.940100097656250e+02	9.559436798095703e+00	9.372620582580566e+00	9.181717872619629e+00	9.559436798095703e+00	
5.950100097656250e+02	9.181717872619629e+00	8.993971824645996e+00	8.802111625671387e+00	9.181717872619629e+00	
5.960100097656250e+02	8.802111625671387e+00	8.613409996032715e+00	8.420564651489258e+00	8.802111625671387e+00	
5.970100097656250e+02	8.420564651489258e+00	8.230878829956055e+00	8.037019729614258e+00	8.420564651489258e+00	
5.980100097656250e+02	8.037019729614258e+00	7.846322059631348e+00	7.651420116424561e+00	8.037019729614258e+00	
5.990100097656250e+02	7.651420116424561e+00	7.459680080413818e+00	7.263705253601074e+00	7.651420116424561e+00	
6.000100097656250e+02	7.263705253601074e+00	7.070892333984375e+00	6.873812675476074e+00	7.263705253601074e+00	
6.010100097656250e+02	6.873812675476074e+00	6.679895877838135e+00	6.481678009033203e+00	6.873812675476074e+00	
6.020100097656250e+02	6.481678009033203e+00	6.286623954772949e+00	6.087234973907471e+00	6.481678009033203e+00	
6.030100097656250e+02	6.087234973907471e+00	5.891009330749512e+00	5.690412998199463e+00	6.087234973907471e+00	
6.040100097656250e+02	5.690412998199463e+00	5.492980957031250e+00	5.291141510009766e+00	5.690412998199463e+00	
6.050100097656250e+02	5.291141510009766e+00	5.092465400695801e+00	4.889344692230225e+00	5.291141510009766e+00	
6.060100097656250e+02	4.889344692230225e+00	4.689387321472168e+00	4.484945297241211e+00	4.889344692230225e+00	
6.070100097656250e+02	4.484945297241211e+00	4.283666610717773e+00	4.077862739562988e+00	4.484945297241211e+00	
6.080100097656250e+02	4.077862739562988e+00	3.875221729278564e+00	3.668013572692871e+00	4.077862739562988e+00	
6.090100097656250e+02	3.668013572692871e+00	3.463967084884644e+00	3.255310297012329e+00	3.668013572692871e+00	
6.100100097656250e+02	3.255310297012329e+00	3.049813747406006e+00	2.839662551879883e+00	3.255310297012329e+00	
6.110100097656250e+02	2.839662551879883e+00	2.632669925689697e+00	2.420975923538208e+00	2.839662551879883e+00	
6.120100097656250e+02	2.420975923538208e+00	2.212439060211182e+00	1.999152779579163e+00	2.420975923538208e+00	
6.130100097656250e+02	1.999152779579163e+00	1.789021372795105e+00	1.574090838432312e+00	1.999152779579163e+00	
6.140100097656250e+02	1.574090838432312e+00	1.362312555313110e+00	1.145683765411377e+00	1.574090838432312e+00	
6.150100097656250e+02	1.145683765411377e+00	9.322042465209961e-01	7.138208150863647e-01	1.145683765411377e+00	
6.160100097656250e+02	7.138208150863647e-01	4.985833764076233e-01	2.783865332603455e-01	7.138208150863647e-01	
6.170100097656250e+02	2.783865332603455e-01	6.133192405104637e-02	-1.607395112514496e-01	2.783865332603455e-01	
6.180100097656250e+02	-1.607395112514496e-01	-3.796730935573578e-01	-6.036830544471741e-01	-1.607395112514496e-01	
6.190100097656250e+02	-6.036830544471741e-01	-8.245601654052734e-01	-1.050575494766235e+00	-6.036830544471741e-01	
6.200100097656250e+02	-1.050575494766235e+00	-1.273463487625122e+00	-1.501553893089294e+00	-1.050575494766235e+00	
6.210100097656250e+02	-1.501553893089294e+00	-1.726523280143738e+00	-1.956761956214905e+00	-1.501553893089294e+00	
6.220100097656250e+02	-1.956761956214905e+00	-2.183886528015137e+00	-2.416349887847900e+00	-1.956761956214905e+00	
6.230100097656250e+02	-2.416349887847900e+00	-2.645706892013550e+00	-2.880474805831909e+00	-2.416349887847900e+00	
6.240100097656250e+02	-2.880474805831909e+00	-3.112145662307739e+00	-3.349302291870117e+00	-2.880474805831909e+00	
6.250100097656250e+02	-3.349302291870117e+00	-3.583371639251709e+00	-3.823005676269531e+00	-3.349302291870117e+00	
6.260100097656250e+02	-3.823005676269531e+00	-4.059563159942627e+00	-4.301766872406006e+00	-3.823005676269531e+00	
6.270100097656250e+02	-4.301766872406006e+00	-4.540906906127930e+00	-4.785778522491455e+00	-4.301766872406006e+00	
6.280100097656250e+02	-4.785778522491455e+00	-5.027600288391113e+00	-5.275242805480957e+00	-4.785778522491455e+00	
6.290100097656250e+02	-5.275242805480957e+00	-5.519851207733154e+00	-5.770373821258545e+00	-5.275242805480957e+00	
6.300100097656250e+02	-5.770373821258545e+00	-6.017880439758301e+00	-6.271398544311523e+00	-5.770373821258545e+00	
6.310100097656250e+02	-6.271398544311523e+00	-6.521920680999756e+00	-6.778557300567627e+00	-6.271398544311523e+00	
6.320100097656250e+02	-6.778557300567627e+00	-7.032220363616943e+00	-7.292106628417969e+00	-6.778557300567627e+00	
6.330100097656250e+02	-7.292106628417969e+00	-7.549044609069824e+00	-7.812318801879883e+00	-7.292106628417969e+00	
6.340100097656250e+02	-7.812318801879883e+00	-8.072674751281738e+00	-8.339487075805664e+00	-7.812318801879883e+00	
6.350100097656250e+02	-8.339487075805664e+00	-8.603414535522461e+00	-8.873924255371094e+00	-8.339487075805664e+00	
6.360100097656250e+02	-8.873924255371094e+00	-9.141588211059570e+00	-9.415969848632812e+00	-8.873924255371094e+00	
6.370100097656250e+02	-9.415969848632812e+00	-9.687547683715820e+00	-9.965987205505371e+00	-9.415969848632812e+00	
6.380100097656250e+02	-9.965987205505371e+00	-1.024167442321777e+01	-1.052437496185303e+01	-9.965987205505371e+00	
6.390100097656250e+02	-1.052437496185303e+01	-1.080438137054443e+01	-1.109156513214111e+01	-1.052437496185303e+01	
6.400100097656250e+02	-1.109156513214111e+01	-1.137612056732178e+01	-1.166802883148193e+01	-1.109156513214111e+01	
6.410100097656250e+02	-1.166802883148193e+01	-1.195738792419434e+01	-1.225428771972656e+01	-1.166802883148193e+01	
6.420100097656250e+02	-1.225428771972656e+01	-1.254872989654541e+01	-1.285091590881348e+01	-1.225428771972656e+01	
6.430100097656250e+02	-1.285091590881348e+01	-1.315074825286865e+01	-1.345854854583740e+01	-1.285091590881348e+01	
6.440100097656250e+02	-1.345854854583740e+01	-1.376411724090576e+01	-1.407789421081543e+01	-1.345854854583740e+01	
6.450100097656250e+02	-1.407789421081543e+01	-1.438958358764648e+01	-1.470974540710449e+01	-1.407789421081543e+01	
6.460100097656250e+02	-1.470974540710449e+01	-1.502798652648926e+01	-1.535499286651611e+01	-1.470974540710449e+01	
6.470100097656250e+02	-1.535499286651611e+01	-1.568027210235596e+01	-1.601463699340820e+01	-1.535499286651611e+01	
6.480100097656250e+02	-1.601463699340820e+01	-1.634750556945801e+01	-1.668981552124023e+01	-1.601463699340820e+01	
6.490100097656250e+02	-1.668981552124023e+01	-1.703089714050293e+01	-1.738181686401367e+01	-1.668981552124023e+01	
6.500100097656250e+02	-1.738181686401367e+01	2.396133095026016e-01	-1.738882637023926e+01	1.819758605957031e+01	
6.510100097656250e+02	1.819758605957031e+01	3.515531539916992e+01	1.819758605957031e+01	5.216573715209961e+01	
6.520100097656250e+02	5.216573715209961e+01	5.031571960449219e+01	4.819605636596680e+01	5.249689102172852e+01	
6.530100097656250e+02	4.819605636596680e+01	4.634529495239258e+01	4.455114746093750e+01	4.819605636596680e+01	
6.540100097656250e+02	4.455114746093750e+01	4.294417190551758e+01	4.136855316162109e+01	4.455114746093750e+01	
6.550100097656250e+02	4.136855316162109e+01	3.993013381958008e+01	3.850868988037109e+01	4.136855316162109e+01	
6.560100097656250e+02	3.850868988037109e+01	3.719411849975586e+01	3.588827133178711e+01	3.850868988037109e+01	
6.570100097656250e+02	3.588827133178711e+01	3.467035293579102e+01	3.345647811889648e+01	3.588827133178711e+01	
6.580100097656250e+02	3.345647811889648e+01	3.231835937500000e+01	3.118173217773438e+01	3.345647811889648e+01	
6.590100097656250e+02	3.118173217773438e+01	3.011276817321777e+01	2.904401397705078e+01	3.118173217773438e+01	
6.600100097656250e+02	2.904401397705078e+01	2.803728294372559e+01	2.703022384643555e+01	2.904401397705078e+01	
6.610100097656250e+02	2.703022384643555e+01	2.608100128173828e+01	2.513132858276367e+01	2.703022384643555e+01	
6.620100097656250e+02	2.513132858276367e+01	2.423614501953125e+01	2.334059524536133e+01	2.513132858276367e+01	
6.630100097656250e+02	2.334059524536133e+01	2.249664688110352e+01	2.165249633789062e+01	2.334059524536133e+01	
6.640100097656250e+02	2.165249633789062e+01	2.085729026794434e+01	2.006204986572266e+01	2.165249633789062e+01	
6.650100097656250e+02	2.006204986572266e+01	1.931319427490234e+01	1.856442642211914e+01	2.006204986572266e+01	
6.660100097656250e+02	1.856442642211914e+01	1.785951423645020e+01	1.715474700927734e+01	1.856442642211914e+01	
6.670100097656250e+02	1.715474700927734e+01	1.649130821228027e+01	1.582799434661865e+01	1.715474700927734e+01	
6.680100097656250e+02	1.582799434661865e+01	1.520348167419434e+01	1.457899856567383e+01	1.582799434661865e+01	
6.690100097656250e+02	1.457899856567383e+01	1.399080085754395e+01	1.340246772766113e+01	1.457899856567383e+01	
6.700100097656250e+02	1.340246772766113e+01	1.284793186187744e+01	1.229303741455078e+01	1.340246772766113e+01	
6.710100097656250e+02	1.229303741455078e+01	1.176950836181641e+01	1.124534606933594e+01	1.229303741455078e+01	
6.720100097656250e+02	1.124534606933594e+01	1.075019073486328e+01	1.025409317016602e+01	1.124534606933594e+01	
6.730100097656250e+02	1.025409317016602e+01	9.784738540649414e+00	9.314105987548828e+00	1.025409317016602e+01	
6.740100097656250e+02	9.314105987548828e+00	8.868063926696777e+00	8.420392036437988e+00	9.314105987548828e+00	
6.750100097656250e+02	8.420392036437988e+00	7.995283126831055e+00	7.568184375762939e+00	8.420392036437988e+00	
6.760100097656250e+02	7.568184375762939e+00	7.161751747131348e+00	6.752970695495605e+00	7.568184375762939e+00	
6.770100097656250e+02	6.752970695495605e+00	6.363094806671143e+00	5.970517158508301e+00	6.752970695495605e+00	
6.780100097656250e+02	5.970517158508301e+00	5.595221996307373e+00	5.216880321502686e+00	5.970517158508301e+00	
6.790100097656250e+02	5.216880321502686e+00	4.854335784912109e+00	4.488411426544189e+00	5.216880321502686e+00	
6.800100097656250e+02	4.488411426544189e+00	4.136929988861084e+00	3.781751871109009e+00	4.488411426544189e+00	
6.810100097656250e+02	3.781751871109009e+00	3.439788103103638e+00	3.093824863433838e+00	3.781751871109009e+00	
6.820100097656250e+02	3.093824863433838e+00	2.759967327117920e+00	2.421823501586914e+00	3.093824863433838e+00	
6.830100097656250e+02	2.421823501586914e+00	2.094788074493408e+00	1.763194799423218e+00	2.421823501586914e+00	
6.840100097656250e+02	1.763194799423218e+00	1.441815614700317e+00	1.115621805191040e+00	1.763194799423218e+00	
6.850100097656250e+02	1.115621805191040e+00	7.988424897193909e-01	4.770055413246155e-01	1.115621805191040e+00	
6.860100097656250e+02	4.770055413246155e-01	1.638697087764740e-01	-1.545543074607849e-01	4.770055413246155e-01	
6.870100097656250e+02	-1.545543074607849e-01	-4.649123847484589e-01	-7.807779312133789e-01	-1.545543074607849e-01	
6.880100097656250e+02	-7.807779312133789e-01	-1.089142441749573e+00	-1.403223752975464e+00	-7.807779312133789e-01	
6.890100097656250e+02	-1.403223752975464e+00	-1.710306048393250e+00	-2.023306131362915e+00	-1.403223752975464e+00	
6.900100097656250e+02	-2.023306131362915e+00	-2.329753160476685e+00	-2.642312049865723e+00	-2.023306131362915e+00	
6.910100097656250e+02	-2.642312049865723e+00	-2.948714017868042e+00	-3.261415958404541e+00	-2.642312049865723e+00	
6.920100097656250e+02	-3.261415958404541e+00	-3.568314075469971e+00	-3.881695985794067e+00	-3.261415958404541e+00	
6.930100097656250e+02	-3.881695985794067e+00	-4.189588546752930e+00	-4.504146099090576e+00	-3.881695985794067e+00	
6.940100097656250e+02	-4.504146099090576e+00	-4.813495635986328e+00	-5.129689693450928e+00	-4.504146099090576e+00	
6.950100097656250e+02	-5.129689693450928e+00	-5.440928459167480e+00	-5.759191513061523e+00	-5.129689693450928e+00	
6.960100097656250e+02	-5.759191513061523e+00	-6.072728157043457e+00	-6.393469333648682e+00	-5.759191513061523e+00	
6.970100097656250e+02	-6.393469333648682e+00	-6.709692001342773e+00	-7.033302783966064e+00	-6.393469333648682e+00	
6.980100097656250e+02	-7.033302783966064e+00	-7.352587699890137e+00	-7.679447174072266e+00	-7.033302783966064e+00	
6.990100097656250e+02	-7.679447174072266e+00	-8.002159118652344e+00	-8.332639694213867e+00	-7.679447174072266e+00	
7.000100097656250e+02	-8.332639694213867e+00	-8.659141540527344e+00	-8.993611335754395e+00	-8.332639694213867e+00	
7.010100097656250e+02	-8.993611335754395e+00	-9.324267387390137e+00	-9.663100242614746e+00	-8.993611335754395e+00	
7.020100097656250e+02	-9.663100242614746e+00	-9.998279571533203e+00	-1.034185409545898e+01	-9.663100242614746e+00	
7.030100097656250e+02	-1.034185409545898e+01	-1.068193912506104e+01	-1.103065204620361e+01	-1.034185409545898e+01	
7.040100097656250e+02	-1.103065204620361e+01	-1.137604141235352e+01	-1.173030757904053e+01	-1.103065204620361e+01	
7.050100097656250e+02	-1.173030757904053e+01	-1.208142566680908e+01	-1.244168663024902e+01	-1.173030757904053e+01	
7.060100097656250e+02	-1.244168663024902e+01	-1.279898929595947e+01	-1.316572380065918e+01	-1.244168663024902e+01	
7.070100097656250e+02	-1.316572380065918e+01	-1.352970600128174e+01	-1.390343475341797e+01	-1.316572380065918e+01	
7.080100097656250e+02	-1.390343475341797e+01	-1.427464199066162e+01	-1.465594005584717e+01	-1.390343475341797e+01	
7.090100097656250e+02	-1.465594005584717e+01	-1.503497695922852e+01	-1.542448520660400e+01	-1.465594005584717e+01	
7.100100097656250e+02	-1.542448520660400e+01	-1.581202983856201e+01	-1.621046638488770e+01	-1.542448520660400e+01	
7.110100097656250e+02	-1.621046638488770e+01	-1.660728454589844e+01	-1.701546287536621e+01	-1.621046638488770e+01	
7.120100097656250e+02	-1.701546287536621e+01	-1.742242050170898e+01	-1.784126663208008e+01	-1.701546287536621e+01	
7.130100097656250e+02	-1.784126663208008e+01	-1.825935745239258e+01	-1.868993186950684e+01	-1.784126663208008e+01	
7.140100097656250e+02	-1.868993186950684e+01	-1.912029075622559e+01	-1.956380653381348e+01	-1.868993186950684e+01	
7.150100097656250e+02	-1.956380653381348e+01	-2.000774574279785e+01	-2.046560096740723e+01	-1.956380653381348e+01	
7.160100097656250e+02	-2.046560096740723e+01	-2.092462921142578e+01	-2.139844703674316e+01	-2.046560096740723e+01	
7.170100097656250e+02	-2.139844703674316e+01	-2.187430953979492e+01	-2.236595726013184e+01	-2.139844703674316e+01	
7.180100097656250e+02	-2.236595726013184e+01	-2.286067771911621e+01	-2.337231826782227e+01	-2.236595726013184e+01	
7.190100097656250e+02	-2.337231826782227e+01	-2.388823318481445e+01	-2.442237091064453e+01	-2.337231826782227e+01	
7.200100097656250e+02	-2.442237091064453e+01	-2.496217918395996e+01	-2.552170181274414e+01	-2.442237091064453e+01	
7.210100097656250e+02	-2.552170181274414e+01	-2.608851242065430e+01	-2.667673873901367e+01	-2.552170181274414e+01	
7.220100097656250e+02	-2.667673873901367e+01	-2.727410507202148e+01	-2.789481925964355e+01	-2.667673873901367e+01	
7.230100097656250e+02	-2.789481925964355e+01	-2.852676773071289e+01	-2.918424034118652e+01	-2.789481925964355e+01	
7.240100097656250e+02	-2.918424034118652e+01	-2.985526275634766e+01	-3.055422401428223e+01	-2.918424034118652e+01	
7.250100097656250e+02	-3.055422401428223e+01	-3.126921272277832e+01	-3.201475906372070e+01	-3.055422401428223e+01	
7.260100097656250e+02	-3.201475906372070e+01	-3.277883911132812e+01	-3.357621765136719e+01	-3.201475906372070e+01	
7.270100097656250e+02	-3.357621765136719e+01	-3.439444351196289e+01	-3.524868011474609e+01	-3.357621765136719e+01	
7.280100097656250e+02	-3.524868011474609e+01	-3.612551498413086e+01	-3.704080963134766e+01	-3.524868011474609e+01	
7.290100097656250e+02	-3.704080963134766e+01	-3.797941970825195e+01	-3.895836639404297e+01	-3.704080963134766e+01	
7.300100097656250e+02	-3.895836639404297e+01	-3.995977783203125e+01	-4.100254058837891e+01	-3.895836639404297e+01	
7.310100097656250e+02	-4.100254058837891e+01	-4.206500244140625e+01	-4.316878128051758e+01	-4.100254058837891e+01	
7.320100097656250e+02	-4.316878128051758e+01	-4.428775024414062e+01	-4.544716262817383e+01	-4.316878128051758e+01	
7.330100097656250e+02	-4.544716262817383e+01	-4.661647033691406e+01	-4.782514953613281e+01	-4.544716262817383e+01	
7.340100097656250e+02	-4.782514953613281e+01	-4.903934860229492e+01	-5.029264831542969e+01	-4.782514953613281e+01	
7.350100097656250e+02	-5.029264831542969e+01	-5.154983901977539e+01	-5.284753417968750e+01	-5.029264831542969e+01	
7.360100097656250e+02	-5.284753417968750e+01	-5.415111160278320e+01	-5.549843978881836e+01	-5.284753417968750e+01	
7.370100097656250e+02	-5.549843978881836e+01	-5.685622024536133e+01	-5.826185226440430e+01	-5.549843978881836e+01	
7.380100097656250e+02	-5.826185226440430e+01	-5.968164825439453e+01	-6.115192413330078e+01	-5.826185226440430e+01	
7.390100097656250e+02	-6.115192413330078e+01	-6.263378524780273e+01	-6.416403198242188e+01	-6.115192413330078e+01	
7.400100097656250e+02	-6.416403198242188e+01	-6.569135284423828e+01	-6.725740814208984e+01	-6.416403198242188e+01	
7.410100097656250e+02	-6.725740814208984e+01	-6.879187011718750e+01	-7.034765625000000e+01	-6.725740814208984e+01	
7.420100097656250e+02	-7.034765625000000e+01	-7.183367156982422e+01	-7.331947326660156e+01	-7.034765625000000e+01	
7.430100097656250e+02	-7.331947326660156e+01	-7.469802093505859e+01	-7.605611419677734e+01	-7.331947326660156e+01	
7.440100097656250e+02	-7.605611419677734e+01	-7.727950286865234e+01	-7.846722412109375e+01	-7.605611419677734e+01	
7.450100097656250e+02	-7.846722412109375e+01	-7.950659942626953e+01	-8.050125885009766e+01	-7.846722412109375e+01	
7.460100097656250e+02	-8.050125885009766e+01	-8.134697723388672e+01	-8.214470672607422e+01	-8.050125885009766e+01	
7.470100097656250e+02	-8.214470672607422e+01	-8.280357360839844e+01	-8.341611480712891e+01	-8.214470672607422e+01	
7.480100097656250e+02	-8.341611480712891e+01	-8.390767669677734e+01	-8.435829925537109e+01	-8.341611480712891e+01	
7.490100097656250e+02	-8.435829925537109e+01	-8.471021270751953e+01	-8.502869415283203e+01	-8.435829925537109e+01	
7.500100097656250e+02	-8.502869415283203e+01	-8.527149963378906e+01	-8.548885345458984e+01	-8.502869415283203e+01	
7.510100097656250e+02	-8.548885345458984e+01	-8.565134429931641e+01	-8.579558563232422e+01	-8.548885345458984e+01	
7.520100097656250e+02	-8.579558563232422e+01	-8.590189361572266e+01	-8.599573516845703e+01	-8.579558563232422e+01	
7.530100097656250e+02	-8.599573516845703e+01	-8.606431579589844e+01	-8.612468719482422e+01	-8.599573516845703e+01	
7.540100097656250e+02	-8.612468719482422e+01	-8.616870880126953e+01	-8.620747375488281e+01	-8.612468719482422e+01	
7.550100097656250e+02	-8.620747375488281e+01	-8.623584747314453e+01	-8.626093292236328e+01	-8.620747375488281e+01	
7.560100097656250e+02	-8.626093292236328e+01	-8.627947998046875e+01	-8.629598999023438e+01	-8.626093292236328e+01	
7.570100097656250e+02	-8.629598999023438e+01	-8.630841064453125e+01	-8.631958007812500e+01	-8.629598999023438e+01	
7.580100097656250e+02	-8.631958007812500e+01	-8.632817840576172e+01	-8.633602142333984e+01	-8.631958007812500e+01	
7.590100097656250e+02	-8.633602142333984e+01	-8.634223175048828e+01	-8.634798431396484e+01	-8.633602142333984e+01	
7.600100097656250e+02	-8.634798431396484e+01	-8.635269927978516e+01	-8.635713195800781e+01	-8.634798431396484e+01	
7.610100097656250e+02	-8.635713195800781e+01	-8.636088562011719e+01	-8.636447906494141e+01	-8.635713195800781e+01	
7.620100097656250e+02	-8.636447906494141e+01	-8.636761474609375e+01	-8.637065887451172e+01	-8.636447906494141e+01	
7.630100097656250e+02	-8.637065887451172e+01	-8.637339782714844e+01	-8.637608337402344e+01	-8.637065887451172e+01	
7.640100097656250e+02	-8.637608337402344e+01	-8.637855529785156e+01	-8.638099670410156e+01	-8.637608337402344e+01	
7.650100097656250e+02	-8.638099670410156e+01	-8.638328552246094e+01	-8.638557434082031e+01	-8.638099670410156e+01	
7.660100097656250e+02	-8.638557434082031e+01	-8.638773345947266e+01	-8.638990783691406e+01	-8.638557434082031e+01	
7.670100097656250e+02	-8.638990783691406e+01	-8.639198303222656e+01	-8.639407348632812e+01	-8.638990783691406e+01	
7.680100097656250e+02	-8.639407348632812e+01	-8.639608001708984e+01	-8.639811706542969e+01	-8.639407348632812e+01	
7.690100097656250e+02	-8.639811706542969e+01	-8.640007781982422e+01	-8.640206146240234e+01	-8.639811706542969e+01	
7.700100097656250e+02	-8.640206146240234e+01	-8.640399169921875e+01	-8.640593719482422e+01	-8.640206146240234e+01	
7.710100097656250e+02	-8.640593719482422e+01	-8.640783691406250e+01	-8.640975952148438e+01	-8.640593719482422e+01	
7.720100097656250e+02	-8.640975952148438e+01	-8.641162109375000e+01	-8.641352081298828e+01	-8.640975952148438e+01	
7.730100097656250e+02	-8.641352081298828e+01	-8.641536712646484e+01	-8.641724395751953e+01	-8.641352081298828e+01	
7.740100097656250e+02	-8.641724395751953e+01	-8.641906738281250e+01	-8.642092132568359e+01	-8.641724395751953e+01	
7.750100097656250e+02	-8.642092132568359e+01	-8.642272186279297e+01	-8.642456054687500e+01	-8.642092132568359e+01	
7.760100097656250e+02	-8.642456054687500e+01	-8.642634582519531e+01	-8.642816162109375e+01	-8.642456054687500e+01	
7.770100097656250e+02	-8.642816162109375e+01	-8.642992401123047e+01	-8.643171691894531e+01	-8.642816162109375e+01	
7.780100097656250e+02	-8.643171691894531e+01	-8.643347167968750e+01	-8.643524169921875e+01	-8.643171691894531e+01	
7.790100097656250e+02	-8.643524169921875e+01	-8.643697357177734e+01	-8.643873596191406e+01	-8.643524169921875e+01	
7.800100097656250e+02	-8.643873596191406e+01	-8.644044494628906e+01	-8.644218444824219e+01	-8.643873596191406e+01	
7.810100097656250e+02	-8.644218444824219e+01	-8.644387817382812e+01	-8.644559478759766e+01	-8.644218444824219e+01	
7.820100097656250e+02	-8.644559478759766e+01	-8.644727325439453e+01	-8.644896697998047e+01	-8.644559478759766e+01	
7.830100097656250e+02	-8.644896697998047e+01	-8.645062255859375e+01	-8.645230865478516e+01	-8.644896697998047e+01	
7.840100097656250e+02	-8.645230865478516e+01	-8.645394134521484e+01	-8.645560455322266e+01	-8.645230865478516e+01	
7.850100097656250e+02	-8.645560455322266e+01	-8.645722198486328e+01	-8.645886230468750e+01	-8.645560455322266e+01	
7.860100097656250e+02	-8.645886230468750e+01	-8.646046447753906e+01	-8.646208953857422e+01	-8.645886230468750e+01	
7.870100097656250e+02	-8.646208953857422e+01	-8.646366882324219e+01	-8.646527099609375e+01	-8.646208953857422e+01	
7.880100097656250e+02	-8.646527099609375e+01	-8.646682739257812e+01	-8.646841430664062e+01	-8.646527099609375e+01	
7.890100097656250e+02	-8.646841430664062e+01	-8.646995544433594e+01	-8.647151947021484e+01	-8.646841430664062e+01	
7.900100097656250e+02	-8.647151947021484e+01	-8.647303771972656e+01	-8.647458648681641e+01	-8.647151947021484e+01	
7.910100097656250e+02	-8.647458648681641e+01	-8.647608947753906e+01	-8.647761535644531e+01	-8.647458648681641e+01	
7.920100097656250e+02	-8.647761535644531e+01	-8.647909545898438e+01	-8.648059844970703e+01	-8.647761535644531e+01	
7.930100097656250e+02	-8.648059844970703e+01	-8.648206329345703e+01	-8.648355102539062e+01	-8.648059844970703e+01	
7.940100097656250e+02	-8.648355102539062e+01	-8.648499298095703e+01	-8.648646545410156e+01	-8.648355102539062e+01	
7.950100097656250e+02	-8.648646545410156e+01	-8.648789215087891e+01	-8.648933410644531e+01	-8.648646545410156e+01	
7.960100097656250e+02	-8.648933410644531e+01	-8.649074554443359e+01	-8.649217224121094e+01	-8.648933410644531e+01	
7.970100097656250e+02	-8.649217224121094e+01	-8.649356079101562e+01	-8.649497222900391e+01	-8.649217224121094e+01	
7.980100097656250e+02	-8.649497222900391e+01	-8.649633789062500e+01	-8.649773406982422e+01	-8.649497222900391e+01	
7.990100097656250e+02	-8.649773406982422e+01	-8.649906921386719e+01	-8.650042724609375e+01	-8.649773406982422e+01	
